time;Banddicke;Verzinnungsstation: Durchflussmenge;Verzinnungsstation: Rücklauftemperatur;Verzinnungsstation: Kühlleistung;Verzinnungsstation FU: Durchflussmenge;Verzinnungsstation FU: Rücklauftemperatur;Ofenleistung;Wannentemperatur außen;Wannentemperatur innen;Solltemperatur unter Zinnbadrolle;Bandbreite;Laufprogramm Online Zinnbad / Anlagenstartwert Rezept;Laufprogramm Online Zinnbad / Anlagenstartwert korrigiert;Abblasung OS Luftdruck;Abblasung US Luftdruck;Bandgeschwindigkeit;Temperatur unter Zinnbadrolle;Legierung;ChannelInfoFieldText([10:1], "$PDA_expression");Bandlänge auf Abhaspel;Hubtraverse unten;Bandtransport
0;0.8;52.1672;31.5;11.9036;39.8785;31.8;262;336.155;281.677;268;355;272;272;436.921;436.921;60;268.888;;;1162.23;1;1
1;0.8;52.4074;31.5;11.9035;40.081;31.8;255;336.111;281.677;268;355;272;272;436.921;436.921;60;268.96;;;1161.73;1;1
2;0.8;52.3351;31.5;11.8322;40.081;31.8;242;335.836;281.684;268;355;272;272;436.921;436.921;60;268.997;;;1160.49;1;1
3;0.8;52.5376;31.5;11.7862;40.081;31.8;243;335.807;281.662;268;355;272;272;436.921;436.921;60;269.019;;;1159.95;1;1
4;0.8;52.6389;31.5;11.7353;39.9797;31.8;240;335.778;282.075;268;355;272;272;436.921;436.921;60;269.038;;;1158.06;1;1
5;0.8;52.3351;31.5;11.6493;40.1852;31.8;240;335.012;282.067;268;355;272;272;437.066;437.066;60;269.074;;;1156.35;1;1
6;0.8;52.0312;31.5;11.4544;40.3877;31.8;231;335.069;282.06;268;355;272;272;437.066;437.066;60;269.133;;;1155.27;1;1
7;0.8;52.0312;31.6;11.7168;40.1418;31.8;232;335.171;282.067;268;355;272;272;437.066;437.066;60;269.181;;;1154.96;1;1
8;0.8;52.2338;31.6;11.7259;40.0868;31.8;226;335.156;282.067;268;355;272;272;437.066;436.921;60;269.22;;;1153.49;1;1
9;0.8;52.5405;31.6;11.6663;40.0376;31.8;217;334.838;282.075;268;355;272;272;437.066;437.066;60;269.244;;;1153.18;1;1
10;0.8;52.7951;31.6;11.7044;40.081;31.8;208;334.795;282.075;268;355;272;272;437.066;437.066;60;269.248;;;1152.87;1;1
11;0.8;52.9456;31.6;11.6452;40.0289;31.8;200;334.534;282.075;268;355;272;272;437.066;437.066;60;269.237;;;1151.42;1;1
12;0.8;52.7459;31.6;11.5276;39.9797;31.8;196;333.941;282.075;268;355;272;272;437.066;437.066;60;269.221;;;1149.87;1;1
13;0.8;52.4045;31.6;11.453;39.8785;31.9;196;334.664;282.06;268;355;272;272;437.066;437.066;60;269.205;;;1148.63;1;1
14;0.8;52.1325;31.6;11.3389;39.8785;31.9;189;333.912;282.06;268;355;272;272;437.066;437.066;60;269.182;;;1148.63;1;1
15;0.8;52.1181;31.7;11.6167;39.8785;31.9;196;333.623;282.067;268;355;272;272;437.066;436.921;60;269.161;;;1147.08;1;1
16;0.8;51.9271;31.7;11.4835;39.8785;31.9;198;333.565;282.067;268;355;272;272;436.921;437.066;60;269.135;;;1145.84;1;1
17;0.8;52.3351;31.7;11.4823;39.8785;31.9;195;332.798;282.067;268;355;272;272;437.066;437.066;60;269.113;;;1145.53;1;1
18;0.8;52.2396;31.7;11.3883;39.8785;31.8;215;332.755;282.075;268;355;272;272;437.066;437.066;60;269.086;;;1143.99;1;1
19;0.8;52.3351;31.7;11.4274;39.7743;31.8;227;332.393;282.075;268;355;272;272;437.066;437.066;60;269.055;;;1142.13;1;1
20;0.8;52.5405;31.7;11.3621;39.7772;31.8;227;331.655;282.075;268;355;272;272;437.066;437.066;60;269.017;;;1141.82;1;1
21;0.8;52.1354;31.7;11.2017;39.8785;31.8;247;331.698;282.06;268;355;272;272;437.211;437.066;60;268.977;;;1140.9;1;1
22;0.8;52.1296;31.7;11.1276;39.9826;31.8;263;331.337;281.756;268;355;272;272;437.211;437.211;60;268.914;;;1140.52;1;1
23;0.8;51.6435;31.8;11.3203;39.6759;31.8;274;330.845;281.749;268;355;272;272;437.211;437.211;60;268.762;;;1138.98;1;1
24;0.8;52.0312;31.8;11.2598;39.7801;31.8;294;330.83;281.749;268;355;272;272;437.211;437.211;60;268.652;;;1138.67;1;1
25;0.8;51.9705;31.8;11.2104;40.081;31.8;324;330.339;281.742;268;355;272;272;437.211;437.066;60;268.552;;;1137.74;1;1
26;0.8;52.0631;31.8;11.1212;40.1707;31.8;341;330.266;281.742;268;355;272;272;437.066;437.211;60;268.466;;;1135.97;1;1
27;0.8;52.2222;31.8;11.1734;39.9797;31.8;365;330.208;281.742;268;355;272;272;437.211;437.211;60;268.387;;;1134.45;1;1
28;0.8;52.1325;31.8;11.045;39.8785;31.8;392;329.63;281.764;268;355;272;272;437.355;437.355;60;268.327;;;1133.91;1;1
29;0.8;52.228;31.8;11.0287;39.8785;31.8;419;329.63;281.756;268;355;272;272;437.211;437.211;60;268.285;;;1133.86;1;1
30;0.8;52.3351;31.8;10.9782;39.974;31.7;450;329.615;281.749;268;355;272;272;437.211;437.066;60;268.272;;;1131.4;1;1
31;0.8;52.4363;31.8;10.9261;39.9769;31.7;473;329.673;281.749;268;355;272;272;437.211;437.066;60;268.278;;;1130.48;1;1
32;0.8;52.2338;31.8;10.8109;40.081;31.7;489;330.353;281.742;268;355;272;272;437.211;437.211;60;268.278;;;1130.48;1;1
33;0.8;52.3495;31.8;10.7617;40.1128;31.7;503;330.339;281.742;268;355;272;272;437.211;437.211;60;268.261;;;1130.17;1;1
34;0.8;52.5405;31.9;11.0843;40.081;31.7;515;330.773;281.735;268;355;272;272;437.211;437.211;60;268.242;;;1128.33;1;1
35;0.8;52.0602;31.9;10.9466;39.9797;31.7;509;330.744;281.727;268;355;272;272;437.066;437.211;60;268.234;;;1126.79;1;1
36;0.8;51.8258;31.9;10.8067;39.8785;31.7;503;331.163;281.72;268;355;272;272;437.211;437.355;60;268.238;;;1126.28;1;1
37;0.8;51.8779;31.9;10.7632;39.9797;31.7;509;331.698;281.72;268;355;272;272;437.355;437.211;60;268.258;;;1125.97;1;1
38;0.8;51.739;31.9;10.6621;39.7772;31.7;507;332.176;281.72;268;355;272;272;437.211;437.211;60;268.273;;;1123.66;1;1
39;0.8;51.6377;31.9;10.533;39.6759;31.7;489;332.711;281.713;268;355;272;272;437.211;437.066;60;268.187;;;1122.65;1;1
40;0.8;51.7245;31.9;10.5507;39.9769;31.7;475;333.275;281.561;268;355;272;272;437.211;437.211;60;268.008;;;1122.65;1;1
41;0.8;52.3351;32;10.9391;39.9797;31.7;468;333.912;281.561;268;355;272;272;437.211;437.211;60;267.861;"CUSN6       ";;1120.7;1;1
42;0.8;52.3351;32;10.8477;40.0781;31.7;459;334.389;281.561;268;355;272;272;437.211;437.211;60;267.817;;;1119.78;1;1
43;0.8;51.9271;32;10.7268;40.081;31.7;456;334.867;281.561;268;355;272;272;437.211;437.066;60;267.808;;;1118.55;1;1
44;0.8;51.7766;32;10.6234;39.9826;31.7;459;335.851;281.561;268;355;272;272;437.211;437.211;60;267.816;;;1117.43;1;1
45;0.8;51.8287;32.1;10.8773;39.8814;31.8;462;336.169;281.576;268;355;272;272;437.211;437.211;60;267.834;;;1116.52;1;1
46;0.8;52.3148;32.1;10.9793;39.6991;31.8;449;336.762;281.583;268;355;272;272;437.355;437.211;60;267.849;;;1116.52;1;1
47;0.8;52.5376;32.1;10.9527;39.7772;31.8;445;337.153;281.532;268;355;272;272;437.211;437.211;60;267.858;;;1116.21;1;1
48;0.8;52.3987;32.2;11.2062;39.8669;31.8;431;337.977;281.583;268;355;272;272;437.211;437.066;60;267.869;;;1114.45;1;1
49;0.8;51.9271;32.2;11.0328;39.6759;31.8;409;338.976;281.59;268;355;272;272;437.211;437.066;60;267.877;;;1113.17;1;1
50;0.8;52.2193;32.3;11.3582;39.6759;31.8;396;339.265;281.59;268;355;272;272;437.211;437.066;60;267.892;;;1111.64;1;1
51;0.8;52.3351;32.3;11.3651;39.9797;31.8;384;339.959;281.576;268;355;272;272;437.066;437.066;60;267.909;;;1111.34;1;1
52;0.8;52.4884;32.3;11.3434;39.9797;31.9;365;340.234;281.576;268;355;272;272;437.211;437.066;60;267.924;;;1109.81;1;1
53;0.8;52.2338;32.4;11.57;39.9797;31.9;346;340.885;281.583;268;355;272;272;437.211;437.066;60;267.941;;;1108.41;1;1
54;0.8;52.4363;32.4;11.5233;39.8785;31.9;340;341.189;281.583;268;355;272;272;437.211;437.066;60;267.942;;;1107.8;1;1
55;0.8;51.9821;32.5;11.7763;39.8785;31.9;313;341.97;281.539;268;355;272;272;437.066;437.066;60;267.867;;;1107.19;1;1
56;0.8;51.7245;32.5;11.6638;39.8785;31.9;283;342.376;281.539;268;355;272;272;437.066;437.066;60;267.799;;;1105.78;1;1
57;0.8;51.6348;32.5;11.5173;39.8785;31.9;258;343.056;281.583;268;355;272;272;437.066;436.921;60;267.761;;;1104.87;1;1
58;0.8;52.1325;32.6;11.9822;39.9826;31.9;268;343.359;281.576;268;355;272;272;437.066;436.921;60;267.751;;;1104.26;1;1
59;0.8;52.5203;32.6;11.9979;40.1823;31.9;261;343.33;281.583;268;355;272;272;437.066;436.921;60;267.781;"CUSN6       ";;1103.95;1;1
60;0.8;52.5376;32.7;12.3035;40.1852;31.9;249;343.316;281.829;268;355;272;272;437.211;437.066;60;267.833;;;1101.14;1;1
61;0.8;51.9271;32.7;12.1424;40.0868;31.9;251;344.01;281.836;268;355;272;272;437.211;437.066;60;267.896;;;1100.53;1;1
62;0.8;51.9271;32.7;12.088;40.2865;31.9;256;343.996;281.836;268;355;272;272;437.211;437.066;60;267.954;;;1100.23;1;1
63;0.8;52.0573;32.8;12.399;40.3791;31.9;236;344.112;281.843;268;355;272;272;437.211;437.066;60;268.01;;;1099.31;1;1
64;0.8;52.1296;32.8;12.3434;40.1823;31.8;226;344.112;281.85;268;355;272;272;437.211;437.066;60;268.059;;;1097.46;1;1
65;0.8;52.1325;32.8;12.3076;40.191;31.8;218;344.039;281.677;268;355;272;272;437.211;437.066;60;268.099;;;1096.43;1;1
66;0.8;52.3351;32.9;12.6559;40.2865;31.8;212;344.01;281.691;268;355;272;272;437.355;437.066;60;268.127;;;1096.43;1;1
67;0.8;52.1354;32.9;12.5165;40.0752;31.8;192;343.996;281.865;268;355;272;272;437.211;437.211;60;268.143;;;1095.27;1;1
68;0.8;52.2338;32.9;12.5767;39.9797;31.8;185;343.432;281.901;268;355;272;272;437.211;437.211;60;268.141;;;1094.36;1;1
69;0.8;52.2338;32.9;12.4854;39.8785;31.7;178;343.504;281.879;268;355;272;272;437.211;437.211;60;268.111;;;1094.06;1;1
70;0.8;52.4363;33;12.8532;39.8785;31.7;182;343.533;281.836;268;355;272;272;437.211;437.211;60;268.064;;;1093.65;1;1
71;0.8;52.3351;33;12.8101;40.081;31.7;176;343.012;281.865;268;355;272;272;437.211;437.066;60;268.029;;;1092.13;1;1
72;0.8;52.0312;33;12.6448;40.081;31.7;183;342.419;281.872;268;355;272;272;437.211;437.066;60;268.016;;;1090.01;1;1
73;0.8;52.0486;33;12.6309;40.081;31.6;192;341.985;281.872;268;355;272;272;437.211;437.211;60;268.004;;;1089.71;1;1
74;0.8;52.419;33;12.6658;40.2865;31.6;204;341.956;281.807;268;355;272;272;437.211;437.211;60;267.931;;;1088.5;1;1
75;0.8;52.0341;33;12.5546;40.2865;31.6;216;340.856;282.06;268;355;272;272;437.355;437.355;60;267.874;;;1088.19;1;1
76;0.8;52.1325;33;12.5784;40.081;31.5;241;340.943;282.067;268;355;272;272;437.5;437.355;60;267.824;;;1087.54;1;1
77;0.8;52.3351;33;12.5907;40.0637;31.5;263;340.495;282.067;268;355;272;272;437.5;437.355;60;267.781;;;1086.64;1;1
78;0.8;52.5376;33;12.5843;40.081;31.5;268;340.003;282.075;268;355;272;272;437.5;437.5;60;267.749;;;1084.62;1;1
79;0.8;52.1325;33;12.4326;40.2836;31.4;287;339.424;282.075;268;355;272;272;437.5;437.355;60;267.724;;;1084.02;1;1
80;0.8;52.1325;33;12.4144;40.3877;31.4;322;338.86;282.075;268;355;272;272;437.5;437.355;60;267.699;;;1083.71;1;1
81;0.8;52.3351;33;12.4078;40.2865;31.4;341;338.383;282.067;268;355;272;272;437.355;437.355;60;267.672;;;1081.9;1;1
82;0.8;52.2396;33;12.3487;40.3906;31.3;359;338.368;282.06;268;355;272;272;437.355;437.211;60;267.646;;;1080.39;1;1
83;0.8;52.1325;33;12.2869;40.272;31.3;392;337.963;282.067;268;355;272;272;437.5;437.355;60;267.619;;;1078.88;1;1
84;0.8;51.9271;33;12.2567;40.2865;31.2;412;337.196;282.067;268;355;272;272;437.5;437.355;60;267.605;;;1078.7;1;1
85;0.8;51.8258;33;12.1784;40.2691;31.2;433;337.529;282.067;268;355;272;272;437.5;437.355;60;267.61;;;1077.14;1;1
86;0.8;52.3032;33;12.2723;40.2865;31.2;436;337.514;282.075;268;355;272;272;437.5;437.355;60;267.63;;;1075.98;1;1
87;0.8;52.2164;33;12.2702;40.3877;31.1;450;337.486;282.075;268;355;272;272;437.5;437.355;60;267.658;;;1075.98;1;1
88;0.8;51.93;33;12.1303;40.489;31.1;455;337.471;282.075;268;355;272;272;437.645;437.5;60;267.688;"CUSN6       ";;1075.14;1;1
89;0.8;51.7245;32.9;11.695;40.489;31.1;449;337.052;282.06;268;355;272;272;437.789;437.645;60;267.744;;;1072.43;1;1
90;0.8;52.1181;32.9;11.8022;40.5903;31.1;446;337.833;282.06;268;355;272;272;437.789;437.645;60;267.827;;;1071.53;1;1
91;0.8;52.4479;32.9;11.8586;40.3848;31;446;337.977;282.451;268;355;272;272;437.789;437.645;60;267.9;;;1071.22;1;1
92;0.8;52.2338;32.9;11.7737;40.5932;31;432;337.948;282.176;268;355;272;272;437.645;437.645;60;267.947;;;1069.03;1;1
93;0.8;52.2338;32.9;11.7372;40.8854;31;415;338.137;282.176;268;355;272;272;437.645;437.5;60;267.95;;;1068.6;1;1
94;0.8;52.3003;32.9;11.7521;40.8275;31;393;338.122;282.176;268;355;272;272;437.645;437.5;60;267.933;;;1067.7;1;1
95;0.8;52.283;32.9;11.6934;40.5903;31;382;338.86;282.183;268;355;272;272;437.5;437.355;60;267.921;;;1067.6;1;1
96;0.8;52.2367;32.9;11.7013;40.4167;31;362;338.889;282.183;268;355;272;272;437.5;437.355;60;267.927;;;1066.64;1;1
97;0.8;52.5318;32.8;11.3741;40.2865;31;350;339.164;282.19;268;355;272;272;437.5;437.355;60;267.944;;;1066.04;1;1
98;0.8;52.1875;32.8;11.2995;40.3067;31;336;340.032;282.19;268;355;272;272;437.355;437.355;60;267.976;;;1065.61;1;1
99;0.8;52.3351;32.8;11.3315;40.5498;31;319;340.003;282.075;268;355;272;272;437.5;437.355;60;268.007;;;1064.5;1;1
100;0.8;52.3351;32.8;11.2766;40.5208;31;306;340.162;282.067;268;355;272;272;437.355;437.355;60;268.04;;;1062.4;1;1
101;0.8;52.5376;32.8;11.2652;40.5903;31;292;340.133;282.06;268;355;272;272;437.355;437.355;60;268.067;;;1062.1;1;1
102;0.8;52.5376;32.8;11.3019;40.489;31;284;340.9;282.06;268;355;272;272;437.355;437.5;60;268.091;;;1061.5;1;1
103;0.8;52.4334;32.8;11.2611;40.489;31;265;340.9;282.19;268;355;272;272;437.5;437.355;60;268.103;;;1059.7;1;1
104;0.8;52.4363;32.8;11.2618;40.6916;31;246;341.03;282.458;268;355;272;272;437.5;437.355;60;268.114;;;1058.73;1;1
105;0.8;52.2338;32.8;11.2;40.7957;31;240;341.073;282.465;268;355;272;272;437.645;437.5;60;268.121;;;1057.83;1;1
106;0.8;52.0284;32.8;11.156;40.6916;31;239;340.987;282.075;268;355;272;272;437.5;437.355;60;268.137;;;1056.63;1;1
107;0.8;51.9271;32.8;11.1161;40.5903;31;231;340.929;282.075;268;355;272;272;437.5;437.355;60;268.168;;;1054.99;1;1
108;0.8;52.0312;32.8;11.1021;40.2025;31;223;340.914;282.075;268;355;272;272;437.5;437.355;60;268.223;;;1054.69;1;1
109;0.8;52.2888;32.8;11.2118;40.5237;30.9;214;340.987;282.06;268;355;272;272;437.645;437.355;60;268.299;;;1054.4;1;1
110;0.8;52.0312;32.8;11.1021;40.5903;30.9;205;341.045;282.06;268;355;272;272;437.5;437.5;60;268.143;;;1053.58;1;1
111;0.8;52.338;32.8;11.1126;40.7928;30.9;200;341.03;282.06;268;355;272;272;437.5;437.5;60;267.872;;;1051.83;1;1
112;0.8;52.4363;32.8;11.1885;40.9954;30.9;199;340.726;282.067;268;355;272;272;437.645;437.5;60;267.695;;;1051.23;1;1
113;0.8;52.338;32.8;11.1309;40.9954;30.9;201;340.726;282.067;268;355;272;272;437.645;437.645;60;267.656;;;1050.64;1;1
114;0.8;52.419;32.8;11.1481;40.7928;30.9;223;340.133;282.075;268;355;272;272;437.789;437.645;60;267.745;;;1048.59;1;1
115;0.8;52.4392;32.8;11.1341;40.5556;30.9;260;339.887;282.075;268;355;272;272;437.789;437.645;60;267.831;;;1046.74;1;1
116;0.8;52.2338;32.8;11.0358;40.7928;30.9;286;339.873;282.075;268;355;272;272;437.789;437.789;60;267.881;;;1044.95;1;1
117;0.8;52.3322;32.8;11.0566;40.8941;30.8;290;339.757;282.067;268;355;272;272;437.934;437.645;60;267.931;;;1044.06;1;1
118;0.8;52.4363;32.8;11.0602;40.8681;30.8;301;339.786;282.067;268;355;272;272;437.789;437.645;60;267.987;;;1042.87;1;1
119;0.8;52.3351;32.7;10.7567;40.8941;30.8;301;338.99;282.067;268;355;272;272;437.789;437.645;60;268.045;;;1042.87;1;1
120;0.8;52.0284;32.7;10.6937;40.8999;30.8;307;338.932;282.067;268;355;272;272;437.789;437.645;60;268.094;;;1042.27;1;1
121;0.8;52.1325;32.7;10.6969;40.5903;30.7;313;338.151;282.248;268;355;272;272;437.789;437.5;60;268.121;;;1041.08;1;1
122;0.8;52.3351;32.7;10.6653;40.5527;30.7;304;338.166;282.27;268;355;272;272;437.789;437.645;60;268.139;;;1040.19;1;1
123;0.8;52.5405;32.7;10.7806;40.489;30.7;303;338.614;282.436;268;355;272;272;437.645;437.5;60;268.144;;;1039;1;1
124;0.8;52.3351;32.6;10.3465;40.5903;30.7;305;337.833;282.436;268;355;272;272;437.645;437.5;60;268.139;;;1037.82;1;1
125;0.8;52.7402;32.6;10.445;40.6858;30.6;310;337.992;282.444;268;355;272;272;437.645;437.5;60;268.13;;;1036.03;1;1
126;0.8;52.8675;32.6;10.5072;40.489;30.6;310;337.992;282.444;268;355;272;272;437.645;437.645;60;268.117;;;1034.06;1;1
127;0.8;52.9282;32.6;10.5008;40.3877;30.6;301;337.963;282.436;268;355;272;272;437.645;437.5;60;268.116;;;1033.46;1;1
128;0.8;52.7431;32.6;10.464;40.3848;30.6;301;337.905;282.444;268;355;272;272;437.645;437.5;60;268.114;;;1032.87;1;1
129;0.8;52.8241;32.5;10.1399;40.489;30.6;300;337.659;282.436;268;355;272;272;437.645;437.645;60;268.113;;;1032.1;1;1
130;0.8;52.6418;32.5;10.0865;40.5932;30.6;300;337.63;282.436;268;355;272;272;437.5;437.355;60;268.108;;;1031.8;1;1
131;0.8;52.5347;32.5;9.99259;40.489;30.6;317;337.616;282.444;268;355;272;272;437.5;437.211;60;268.097;;;1030.32;1;1
132;0.8;52.1788;32.5;9.92489;40.3877;30.5;321;337.616;282.436;268;355;272;272;437.5;437.355;60;268.088;;;1029.3;1;1
133;0.8;52.5694;32.4;9.66065;40.489;30.5;306;337.731;282.451;268;355;272;272;437.5;437.355;60;268.09;;;1028.41;1;1
134;0.8;52.9485;32.4;9.74881;40.5903;30.5;304;337.775;282.444;268;355;272;272;437.5;437.355;60;268.106;;;1028.41;1;1
135;0.8;52.5376;32.4;9.70989;40.5903;30.5;316;337.746;282.458;268;355;272;272;437.5;437.355;60;268.116;;;1026.38;1;1
136;0.8;52.7373;32.4;9.72837;40.599;30.5;304;337.731;282.451;268;355;272;272;437.5;437.355;60;268.125;;;1025.2;1;1
137;0.8;52.3466;32.4;9.61971;40.3877;30.5;302;337.688;282.458;268;355;272;272;437.355;437.355;60;268.115;;;1023.43;1;1
138;0.8;52.4363;32.3;9.31681;40.3877;30.5;299;337.674;282.458;268;355;272;272;437.5;437.211;60;268.089;;;1022.84;1;1
139;0.8;52.6418;32.3;9.33493;40.6916;30.5;305;337.153;282.19;268;355;272;272;437.5;437.5;60;268.054;;;1021.07;1;1
140;0.8;53.1279;32.3;9.43969;40.6858;30.5;311;337.095;282.183;268;355;272;272;437.355;437.355;60;268.003;;;1020.18;1;1
141;0.8;52.9456;32.3;9.4073;40.6916;30.5;310;337.63;282.458;268;355;272;272;437.5;437.5;60;267.957;;;1019.59;1;1
142;0.8;52.8443;32.3;9.31546;40.5903;30.5;304;337.269;282.19;268;355;272;272;437.645;437.5;60;267.941;;;1018.82;1;1
143;0.8;52.5405;32.2;8.99697;40.3848;30.5;314;337.775;282.458;268;355;272;272;437.645;437.5;60;267.939;;;1017.56;1;1
144;0.8;52.8443;32.2;8.99361;40.2836;30.5;320;337.196;282.183;268;355;272;272;437.645;437.355;60;267.944;;;1016.09;1;1
145;0.8;52.7431;32.2;8.9948;40.489;30.5;321;337.182;282.183;268;355;272;272;437.5;437.355;60;267.926;;;1016.09;1;1
146;0.8;52.5376;32.2;8.95976;40.3877;30.5;333;337.138;282.176;268;355;272;272;437.355;437.211;60;267.905;;;1015.8;1;1
147;0.8;52.3322;32.2;8.90645;40.5787;30.5;332;337.109;282.176;268;355;272;272;437.211;437.066;60;267.895;;;1015.02;1;1
148;0.8;52.3466;32.1;8.5535;40.6916;30.5;344;337.616;282.451;268;355;272;272;437.211;437.066;60;267.901;;;1012.97;1;1
149;0.8;52.8443;32.1;8.63482;40.5903;30.4;345;337.124;282.176;268;355;272;272;437.211;437.066;60;267.922;;;1012.09;1;1
150;0.8;52.9427;32.1;8.70638;40.489;30.4;350;337.948;282.183;268;355;272;272;437.211;437.211;60;267.935;;;1010.51;1;1
151;0.8;52.9456;32.1;8.66987;40.5932;30.4;355;337.977;282.183;268;355;272;272;437.355;437.211;60;267.933;;;1008.16;1;1
152;0.8;53.2523;32.1;8.70149;40.489;30.4;349;337.934;282.183;268;355;272;272;437.355;437.211;60;267.911;;;1008.16;1;1
153;0.8;53.1424;32.1;8.62783;40.489;30.4;339;337.891;282.183;268;355;272;272;437.355;437.211;60;267.877;;;1008.16;1;1
154;0.8;52.8443;32;8.25759;40.489;30.4;339;337.847;282.574;268;355;272;272;437.355;437.066;60;267.845;;;1006.99;1;1
155;0.8;52.9832;32;8.27929;40.1534;30.4;341;337.833;282.595;268;355;272;272;437.355;437.066;60;267.809;;;1004.64;1;1
156;0.8;53.3536;32;8.33717;39.9797;30.4;341;338.238;282.595;268;355;272;272;437.355;437.211;60;267.774;;;1004.06;1;1
157;0.8;53.2494;32;8.3581;39.9797;30.4;345;338.238;282.567;268;355;272;272;437.355;437.355;60;267.752;;;1003.47;1;1
158;0.8;52.8501;32;8.24003;39.9797;30.4;341;338.18;282.559;268;355;272;272;437.5;437.211;60;267.742;;;1003.02;1;1
159;0.8;53.0584;32;8.25398;39.9797;30.4;340;338.137;282.588;268;355;272;272;437.5;437.355;60;267.706;;;1003.02;1;1
160;0.8;53.0498;32;8.28969;40.0752;30.4;340;338.108;282.588;268;355;272;272;437.5;437.355;60;267.618;;;1000.68;1;1
161;0.8;52.7083;31.9;7.82322;40.3877;30.4;353;338.874;282.595;268;355;272;272;437.5;437.355;60;267.575;;;999.678;1;1
162;0.8;52.4363;31.9;7.80117;40.3877;30.4;360;338.874;282.574;268;355;272;272;437.645;437.5;60;267.575;;;998.801;1;1
163;0.8;52.2483;31.9;7.77318;40.2836;30.4;362;338.99;282.567;268;355;272;272;437.645;437.5;60;267.52;;;997.632;1;1
164;0.8;52.4392;31.9;7.8016;40.162;30.4;371;339.251;282.588;268;355;272;272;437.5;437.355;60;267.48;;;996.755;1;1
165;0.8;52.6389;31.9;7.8313;40.1823;30.4;376;339.771;282.567;268;355;272;272;437.5;437.355;60;267.476;;;995.587;1;1
166;0.8;52.6418;31.9;7.77656;40.081;30.4;375;339.193;282.559;268;355;272;272;437.5;437.211;60;267.467;;;995.295;1;1
167;0.8;52.6389;31.9;7.75774;40.1823;30.4;376;339.945;282.567;268;355;272;272;437.5;437.211;60;267.47;;;994.128;1;1
168;0.8;52.5376;31.9;7.77953;40.489;30.4;376;339.902;282.603;268;355;272;272;437.355;437.211;60;267.484;;;992.669;1;1
169;0.8;52.5463;31.9;7.72574;40.2865;30.4;383;340.09;282.603;268;355;272;272;437.355;437.211;60;267.502;;;992.086;1;1
170;0.8;52.4826;31.9;7.66138;39.9913;30.4;389;340.148;282.588;268;355;272;272;437.355;437.211;60;267.525;;;990.921;1;1
171;0.8;52.9456;31.8;7.44348;40.081;30.4;380;341.059;282.552;268;355;272;272;437.355;437.355;60;267.549;;;990.047;1;1
172;0.8;53.0584;31.8;7.42228;40.3848;30.4;378;341.073;282.552;268;355;272;272;437.355;437.355;60;267.592;;;988.008;1;1
173;0.8;53.0498;31.8;7.40253;40.081;30.4;368;341.233;282.603;268;355;272;272;437.5;437.355;60;267.654;;;987.135;1;1
174;0.8;53.0469;31.8;7.40212;40.1852;30.4;367;341.247;282.603;268;355;272;272;437.5;437.355;60;267.775;;;986.578;1;1
175;0.8;52.6418;31.8;7.2904;40.6481;30.4;349;341.464;282.798;268;355;272;272;437.5;437.355;60;267.948;;;985.75;1;1
176;0.8;52.5376;31.8;7.23927;40.4109;30.4;330;341.942;282.784;268;355;272;272;437.5;437.5;60;268.182;;;985.459;1;1
177;0.8;52.9398;31.8;7.31318;39.9797;30.4;315;342.028;282.791;268;355;272;272;437.5;437.5;60;268.428;;;984.878;1;1
178;0.8;52.9456;31.8;7.25849;39.9797;30.4;290;342.636;282.776;268;355;272;272;437.5;437.355;60;268.646;;;982.944;1;1
179;0.8;52.7431;31.8;7.24915;39.9363;30.4;250;342.607;282.776;268;355;272;272;437.645;437.355;60;268.762;;;980.974;1;1
180;0.8;52.7373;31.8;7.19309;39.8785;30.4;206;342.52;282.747;268;355;272;272;437.645;437.355;60;268.822;;;980.074;1;1
181;0.8;53.0353;31.8;7.21519;39.9797;30.4;159;342.477;282.747;268;355;272;272;437.645;437.355;60;268.881;"CUSN6       ";;978.47;1;1
182;0.8;53.1308;31.8;7.26532;40.2865;30.4;116;342.998;282.74;268;355;272;272;437.645;437.355;60;268.931;;;977.758;1;1
183;0.8;52.636;31.8;7.14247;40.489;30.5;85;343.027;282.74;268;355;272;272;437.645;437.5;60;268.99;;;977.179;1;1
184;0.8;52.8414;31.8;7.17035;40.2836;30.5;56;342.39;282.74;268;355;272;272;437.645;437.5;60;269.004;;;976.31;1;1
185;0.8;52.8443;31.8;7.11536;40.081;30.5;1;342.477;282.733;268;355;272;272;437.645;437.5;60;268.962;"CUSN6       ";;975.441;1;1
186;0.8;52.7431;31.8;7.10173;40.081;30.5;0;342.086;282.733;268;355;272;272;437.645;437.5;60;268.9;;;973.994;1;1
187;0.8;52.6389;31.8;7.03253;40.1823;30.5;0;342.043;282.733;268;355;272;272;437.645;437.5;60;268.849;;;973.415;1;1
188;0.8;52.7431;31.8;6.99115;40.3877;30.5;0;341.377;282.733;268;355;272;272;437.645;437.5;60;268.79;;;972.837;1;1
189;0.8;52.8877;31.8;7.0288;40.3877;30.5;0;340.958;282.726;268;355;272;272;437.645;437.5;60;268.724;;;971.969;1;1
190;0.8;52.798;31.8;6.97999;40.3848;30.5;0;340.307;282.726;268;355;272;272;437.645;437.5;60;268.667;"CUSN6       ";;969.346;1;1
191;0.8;52.581;31.8;6.87783;40.3877;30.4;0;339.251;282.747;268;355;272;272;437.645;437.5;60;268.618;;;968.769;1;1
192;0.8;52.636;31.8;6.86663;40.489;30.4;1;338.932;282.747;268;355;272;272;437.645;437.5;60;268.579;;;967.325;1;1
193;0.8;52.4363;31.8;6.84059;40.3848;30.4;13;337.992;282.74;268;355;272;272;437.645;437.5;60;268.56;;;967.037;1;1
194;0.8;52.4103;31.8;6.81888;40.0781;30.4;40;336.965;282.726;268;355;272;272;437.645;437.5;60;268.549;;;966.748;1;1
195;0.8;52.6244;31.7;6.50784;40.1823;30.4;83;335.923;282.718;268;355;272;272;437.789;437.5;60;268.538;;;963.898;1;1
196;0.8;52.3351;31.7;6.41719;40.2865;30.3;135;334.867;282.718;268;355;272;272;437.645;437.5;60;268.494;;;963.609;1;1
197;0.8;52.61;31.7;6.359;40.2836;30.3;177;333.796;282.718;268;355;272;272;437.645;437.5;60;268.421;;;961.882;1;1
198;0.8;52.9456;31.7;6.36255;40.081;30.3;220;332.726;282.711;268;355;272;272;437.645;437.5;60;268.356;;;961.306;1;1
199;0.8;52.8588;31.6;6.01171;39.8785;30.2;265;332.046;282.704;268;355;272;272;437.645;437.5;60;268.305;;;961.018;1;1
200;0.8;53.1655;31.6;5.99087;40.1852;30.2;304;330.975;282.711;268;355;272;272;437.645;437.5;60;268.257;;;960.365;1;1
201;0.8;52.7431;31.6;5.96169;39.8929;30.2;341;330.744;282.711;268;355;272;272;437.645;437.5;60;268.22;;;959.636;1;1
202;0.8;52.4566;31.5;5.53652;39.8785;30.1;375;329.789;282.711;268;355;272;272;437.789;437.645;60;268.189;;;959.061;1;1
203;0.8;52.6418;31.5;5.48248;40.081;30.1;414;329.109;282.711;268;355;272;272;437.789;437.645;60;268.16;;;957.901;1;1
204;0.8;52.5376;31.5;5.43492;40.1823;30;441;328.747;282.704;268;355;272;272;437.789;437.5;60;268.13;;;956.752;1;1
205;0.8;52.3003;31.4;5.03702;40.1939;30;470;328.733;282.711;268;355;272;272;437.789;437.645;60;268.102;;;956.752;1;1
206;0.8;52.4363;31.4;4.97685;40.081;30;501;328.024;282.718;268;355;272;272;437.645;437.5;60;268.091;;;954.883;1;1
207;0.8;52.5376;31.3;4.64811;39.9797;29.9;525;327.966;282.711;268;355;272;272;437.789;437.645;60;268.089;;;953.449;1;1
208;0.8;52.5376;31.3;4.57468;39.8785;29.9;533;327.995;282.74;268;355;272;272;437.789;437.645;60;268.091;;;952.015;1;1
209;0.8;52.4363;31.3;4.5109;40.1823;29.9;547;328.602;282.899;268;355;272;272;437.645;437.5;60;268.086;;;951.728;1;1
210;0.8;52.7402;31.2;4.17897;40.3877;29.9;559;328.819;282.885;268;355;272;272;437.645;437.5;60;268.084;;;951.404;1;1
211;0.8;52.7431;31.2;4.1239;40.1823;29.9;553;329.268;282.885;268;355;272;272;437.645;437.355;60;268.081;;;950.571;1;1
212;0.8;52.8443;31.2;4.11336;40.1823;29.9;550;329.152;282.841;268;355;272;272;437.645;437.5;60;268.083;;;948.542;1;1
213;0.8;52.5376;31.1;3.69608;40.081;29.9;546;329.716;282.841;268;355;272;272;437.645;437.5;60;268.087;;;947.397;1;1
214;0.8;52.4363;31.1;3.61566;40.081;29.9;535;330.657;282.885;268;355;272;272;437.645;437.5;60;268.108;"CUSN6       ";;945.794;1;1
215;0.8;52.5376;31.1;3.56758;40.0723;29.9;527;331.192;282.878;268;355;272;272;437.5;437.355;60;268.138;;;944.936;1;1
216;0.8;52.6389;31.1;3.57446;39.9797;30;507;331.655;282.834;268;355;272;272;437.5;437.355;60;268.171;;;943.793;1;1
217;0.8;52.5376;31.1;3.51252;40.0839;30;485;332.668;282.841;268;355;272;272;437.5;437.355;60;268.179;;;943.222;1;1
218;0.8;52.6389;31.1;3.48252;39.9797;30;466;333.275;282.899;268;355;272;272;437.5;437.355;60;268.162;;;942.365;1;1
219;0.8;52.7431;31;3.11286;39.9797;30.1;433;333.898;282.907;268;355;272;272;437.5;437.5;60;268.131;;;940.543;1;1
220;0.8;52.8443;31;3.02654;39.9797;30.1;412;334.968;282.907;268;355;272;272;437.645;437.5;60;268.091;;;939.687;1;1
221;0.8;52.8993;31.1;3.31489;39.9797;30.1;380;335.923;282.863;268;355;272;272;437.5;437.355;60;268.056;"CUSN6       ";;938.832;1;1
222;0.8;52.4537;31.1;3.26865;39.9826;30.2;364;336.372;282.878;268;355;272;272;437.355;437.355;60;268.025;;;938.604;1;1
223;0.8;52.5405;31.1;3.2557;40.1823;30.2;350;336.82;282.957;268;355;272;272;437.355;437.355;60;267.983;;;937.179;1;1
224;0.8;52.6273;31.1;3.20593;40.2662;30.2;328;337.862;282.957;268;355;272;272;437.5;437.5;60;267.818;;;936.324;1;1
225;0.8;52.4768;31.1;3.17843;39.8785;30.3;314;338.484;282.914;268;355;272;272;437.645;437.5;60;267.714;;;935.47;1;1
226;0.8;52.5376;31.1;3.10867;39.7772;30.3;299;338.831;282.567;268;355;272;272;437.645;437.5;60;267.655;;;933.26;1;1
227;0.8;53.0469;31.1;3.08321;40.081;30.4;296;339.511;282.61;268;355;272;272;437.645;437.355;60;267.626;;;932.691;1;1
228;0.8;53.1482;31.2;3.39424;40.3414;30.4;298;340.032;282.588;268;355;272;272;437.645;437.5;60;267.592;;;932.128;1;1
229;0.8;52.8443;31.2;3.35637;40.1823;30.4;300;340.263;282.574;268;355;272;272;437.645;437.5;60;267.584;;;930.908;1;1
230;0.8;52.4334;31.2;3.25698;40.081;30.5;310;340.582;282.574;268;355;272;272;437.645;437.5;60;267.606;;;929.247;1;1
231;0.8;52.6389;31.2;3.1778;40.327;30.5;310;340.943;282.581;268;355;272;272;437.645;437.5;60;267.625;;;928.623;1;1
232;0.8;52.5376;31.3;3.45494;40.3877;30.5;309;340.914;282.588;268;355;272;272;437.5;437.355;60;267.634;;;927.487;1;1
233;0.8;52.3351;31.3;3.4599;40.1476;30.5;306;341.508;282.588;268;355;272;272;437.5;437.211;60;267.647;;;926.353;1;1
234;0.8;52.7431;31.3;3.39475;40.1823;30.5;310;341.652;282.567;268;355;272;272;437.5;437.211;60;267.666;;;925.786;1;1
235;0.8;52.6418;31.3;3.38823;40.2836;30.6;302;342.057;282.552;268;355;272;272;437.5;437.211;60;267.692;;;924.652;1;1
236;0.8;52.3785;31.3;3.31639;40.2691;30.6;294;342.057;282.581;268;355;272;272;437.355;437.211;60;267.716;;;923.8;1;1
237;0.8;52.8212;31.3;3.32594;40.2865;30.6;288;342.014;282.581;268;355;272;272;437.5;437.355;60;267.741;;;922.384;1;1
238;0.8;52.7373;31.4;3.54975;40.1823;30.6;286;342.665;282.588;268;355;272;272;437.5;437.355;60;267.778;;;922.101;1;1
239;0.8;52.7431;31.4;3.47641;40.0694;30.6;280;342.636;282.863;268;355;272;272;437.5;437.355;60;267.767;;;921.818;1;1
240;0.8;52.5521;31.4;3.44547;39.9797;30.6;268;342.607;282.863;268;355;272;272;437.5;437.355;60;267.612;;;920.403;1;1
241;0.8;52.691;31.4;3.41776;40.1823;30.6;262;342.607;282.856;268;355;272;272;437.5;437.355;60;267.495;;;919.555;1;1
242;0.8;52.5376;31.4;3.3711;40.081;30.6;263;342.607;282.834;268;355;272;272;437.5;437.355;60;267.453;;;919.272;1;1
243;0.8;52.4363;31.4;3.34629;39.9797;30.6;270;342.694;282.812;268;355;272;272;437.645;437.5;60;267.463;;;917.04;1;1
244;0.8;52.5405;31.4;3.3162;40.2836;30.6;280;342.057;282.791;268;355;272;272;437.645;437.5;60;267.499;;;916.757;1;1
245;0.8;52.6418;31.4;3.26742;40.2865;30.6;294;342.014;282.762;268;355;272;272;437.645;437.5;60;267.548;;;916.193;1;1
246;0.8;52.8067;31.5;3.61774;40.2865;30.6;311;341.985;282.957;268;355;272;272;437.645;437.5;60;267.599;;;915.356;1;1
247;0.8;52.5376;31.5;3.54424;40.1823;30.6;319;341.956;282.682;268;355;272;272;437.645;437.5;60;267.653;;;913.946;1;1
248;0.8;52.4103;31.5;3.51734;40.0752;30.6;317;341.942;282.69;268;355;272;272;437.645;437.5;60;267.707;;;913.382;1;1
249;0.8;52.7431;31.5;3.48437;40.081;30.6;316;341.291;282.697;268;355;272;272;437.645;437.5;60;267.763;;;912.736;1;1
250;0.8;53.1482;31.5;3.49257;40.2836;30.6;319;341.276;282.726;268;355;272;272;437.645;437.5;60;267.808;;;910.482;1;1
251;0.8;53.1482;31.5;3.38117;40.081;30.6;323;341.319;282.776;268;355;272;272;437.645;437.5;60;267.834;;;910.15;1;1
252;0.8;52.7662;31.5;3.3753;39.9797;30.6;314;341.826;282.935;266;355;272;272;437.645;437.645;60;267.718;;;910.15;1;1
253;0.8;52.9456;31.5;3.33126;40.2199;30.6;299;341.334;282.805;266;355;272;272;437.645;437.5;60;267.622;;;908.514;1;1
254;0.8;52.8443;31.5;3.26951;40.3877;30.6;243;341.334;282.834;266;355;272;272;437.645;437.5;60;267.555;;;907.554;1;1
255;0.8;53.0469;31.5;3.26351;40.5903;30.6;169;340.856;282.841;266;355;272;272;437.645;437.5;60;267.516;;;907.237;1;1
256;0.8;53.287;31.5;3.24106;40.2836;30.6;93;341.045;282.841;266;355;272;272;437.645;437.5;60;267.506;;;905.831;1;1
257;0.8;52.9051;31.5;3.14387;40.408;30.6;0;341.102;282.552;266;355;272;272;437.645;437.5;60;267.459;;;903.972;1;1
258;0.8;52.6389;31.5;3.09128;40.3559;30.7;0;340.856;282.545;266;355;272;272;437.645;437.5;60;267.265;;;903.972;1;1
259;0.8;52.8443;31.5;3.08488;40.1765;30.7;0;340.365;282.82;266;355;272;272;437.645;437.645;60;266.92;;;902.568;1;1
260;0.8;52.6418;31.5;3.09145;40.081;30.7;0;339.902;282.82;266;355;272;272;437.789;437.645;60;266.626;;;901.042;1;1
261;0.8;52.5376;31.5;3.03027;40.3877;30.7;0;339.251;282.812;266;355;272;272;437.789;437.645;60;266.434;;;901.042;1;1
262;0.8;52.4334;31.5;2.95097;40.3877;30.7;0;338.874;282.791;266;355;272;272;437.789;437.645;60;266.406;;;900.481;1;1
263;0.8;52.6389;31.5;2.98092;40.2517;30.7;0;338.05;282.827;266;355;272;272;437.789;437.645;60;266.485;;;898.388;1;1
264;0.8;53.0469;31.5;2.98549;40.2488;30.7;0;337.703;282.907;266;355;272;272;437.934;437.645;60;266.622;;;897.548;1;1
265;0.8;52.7431;31.5;2.93154;40.2865;30.7;0;336.748;282.805;266;355;272;272;437.789;437.645;60;266.763;;;897.268;1;1
266;0.8;52.7431;31.5;2.93154;40.0839;30.7;3;335.677;282.943;266;355;272;272;437.789;437.645;60;266.89;;;896.896;1;1
267;0.8;52.5637;31.5;2.90321;39.7801;30.7;17;334.751;282.957;266;355;272;272;437.789;437.645;60;267.022;;;894.657;1;1
268;0.8;52.6389;31.5;2.88897;39.9797;30.7;42;333.709;282.914;266;355;272;272;437.789;437.5;60;267.113;;;894.323;1;1
269;0.8;52.5376;31.5;2.82833;40.1823;30.7;72;332.567;282.921;266;355;272;272;437.645;437.5;60;267.13;;;893.472;1;1
270;0.8;52.3351;31.5;2.79914;40.1852;30.7;98;331.684;282.907;266;355;272;272;437.645;437.5;60;267.175;;;892.075;1;1
271;0.8;52.5376;31.4;2.45328;40.4543;30.6;129;330.657;282.943;266;355;272;272;437.5;437.5;60;267.226;;;891.796;1;1
272;0.8;52.7402;31.4;2.46274;40.3964;30.6;161;329.644;282.943;266;355;272;272;437.5;437.355;60;267.271;;;890.958;1;1
273;0.8;52.7431;31.4;2.46287;40.3877;30.6;183;328.704;282.899;266;355;272;272;437.5;437.355;60;267.308;;;889.089;1;1
274;0.8;52.6765;31.4;2.36776;40.5903;30.6;190;327.662;282.899;266;355;272;272;437.355;437.211;60;267.347;;;887.416;1;1
275;0.8;52.6562;31.3;2.00934;40.3877;30.5;199;326.591;282.921;266;355;272;272;437.355;437.211;60;267.379;;;886.723;1;1
276;0.8;52.7402;31.3;2.03097;40.1968;30.5;223;326.201;282.574;266;355;272;272;437.5;437.211;60;267.398;;;885.686;1;1
277;0.8;52.9253;31.3;2.09357;39.9797;30.5;236;325.506;282.559;266;355;272;272;437.5;437.211;60;267.406;;;885.129;1;1
278;0.8;52.6389;31.2;1.68808;39.9797;30.5;250;324.537;282.581;266;355;272;272;437.5;437.355;60;267.405;;;884.294;1;1
279;0.8;52.5376;31.2;1.6481;40.081;30.5;263;324.306;282.581;266;355;272;272;437.355;437.211;60;267.405;;;883.627;1;1
280;0.8;52.5289;31.2;1.57443;40.1418;30.4;268;323.597;282.567;266;355;272;272;437.355;437.211;60;267.396;;;880.957;1;1
281;0.8;52.61;31.1;1.2748;40.3877;30.4;276;323.322;282.567;266;355;272;272;437.355;437.211;60;267.398;"CUSN6       ";;880.562;1;1
282;0.8;52.4421;31.1;1.28906;40.3791;30.4;285;322.569;282.567;266;355;272;272;437.355;437.211;60;267.413;;;880.562;1;1
283;0.8;52.6389;31.1;1.25711;40.2836;30.4;292;322.541;282.574;266;355;272;272;437.5;437.211;60;267.454;;;879.186;1;1
284;0.8;52.8443;31.1;1.2251;40.081;30.4;302;322.135;282.581;266;355;272;272;437.355;437.211;60;267.508;;;877.799;1;1
285;0.8;52.6418;31;0.88139;39.9855;30.4;310;321.991;282.581;266;355;272;272;437.5;437.211;60;267.523;;;876.966;1;1
286;0.8;52.474;31;0.896911;39.9797;30.4;308;322.078;282.588;266;355;272;272;437.355;437.211;60;267.506;;;876.003;1;1
287;0.8;51.9271;31;0.833143;39.8785;30.4;308;322.106;282.574;266;355;272;272;437.355;437.211;60;267.514;;;874.895;1;1
288;0.8;52.0515;30.9;0.481743;39.9797;30.5;302;322.237;282.567;266;355;272;272;437.355;437.066;60;267.532;;;874.34;1;1
289;0.8;52.3351;30.9;0.484367;40.0955;30.5;290;322.295;282.567;266;355;272;272;437.355;437.066;60;267.56;;;873.591;1;1
290;0.8;52.4363;30.9;0.485304;39.9797;30.5;295;322.309;282.574;266;355;272;272;437.355;437.066;60;267.6;;;871.929;1;1
291;0.8;52.8443;30.9;0.452133;39.8785;30.5;295;322.266;282.574;266;355;272;272;437.355;437.066;60;267.644;;;871.376;1;1
292;0.8;52.7431;30.9;0.451267;40.1823;30.5;275;322.208;282.393;266;355;272;272;437.355;437.066;60;267.707;"CUSN6       ";;870.822;1;1
293;0.8;52.7431;30.9;0.414417;40.081;30.6;266;322.164;282.415;266;355;272;272;437.355;437.066;60;267.766;;;869.056;1;1
294;0.8;53.1192;30.8;0.0938397;40.1823;30.6;267;322.41;282.393;266;355;272;272;437.355;437.211;60;267.813;"CUSN6       ";;868.122;1;1
295;0.8;52.8414;30.8;0.0748895;40.3877;30.6;253;322.439;282.386;266;355;272;272;437.355;437.211;60;267.856;;;867.846;1;1
296;0.8;52.4855;30.8;0.0377148;40.3877;30.6;232;322.555;282.4;266;355;272;272;437.355;437.066;60;267.887;;;866.225;1;1
297;0.8;52.6389;30.8;0.0929912;40.081;30.7;215;323.394;282.4;266;355;272;272;437.355;437.066;60;267.919;;;864.122;1;1
298;0.8;52.5145;30.8;0;40.1823;30.7;206;322.83;282.19;266;355;272;272;437.211;437.066;60;267.948;;;863.295;1;1
299;0.8;52.6418;30.8;0.00104752;40.1649;30.7;188;322.786;282.19;266;355;272;272;437.211;437.211;60;267.971;;;863.019;1;1
300;0.8;52.7431;30.8;0;40.1823;30.8;170;322.758;282.19;266;355;272;272;437.355;437.066;60;267.984;;;861.881;1;1
301;0.8;53.0324;30.8;0.0195815;40.1823;30.8;156;322.685;282.19;266;355;272;272;437.355;437.066;60;267.974;;;861.055;1;1
302;0.8;53.0469;30.8;0;40.0897;30.8;146;323.438;282.198;266;355;272;272;437.355;437.066;60;267.977;;;861.055;1;1
303;0.8;53.0498;30.8;0;40.0116;30.8;142;323.524;282.198;266;355;272;272;437.355;437.211;60;267.987;;;859.679;1;1
304;0.8;53.0266;30.8;0;39.9797;30.9;128;322.902;282.205;266;355;272;272;437.5;437.211;60;267.992;;;858.577;1;1
305;0.8;53.1597;30.8;0;40.081;30.9;117;322.902;282.212;266;355;272;272;437.355;437.211;60;267.981;;;858.077;1;1
306;0.8;53.2523;30.8;0;40.1823;30.9;119;322.844;282.198;266;355;272;272;437.211;437.066;60;267.9;;;856.147;1;1
307;0.8;53.0469;30.8;0;40.1823;30.9;114;323.134;282.335;266;355;272;272;437.211;437.066;60;267.762;;;854.006;1;1
308;0.8;52.9745;30.8;0;40.2749;30.9;111;322.729;282.205;266;355;272;272;437.211;436.921;60;267.662;;;853.457;1;1
309;0.8;52.4363;30.8;0;40.3877;31;125;322.454;282.212;266;355;272;272;437.066;437.066;60;267.609;;;852.634;1;1
310;0.8;52.6418;30.8;0;40.489;31;144;322.454;282.075;266;355;272;272;437.211;436.921;60;267.58;;;850.988;1;1
311;0.8;52.5376;30.8;0;40.3877;31;163;321.701;282.075;266;355;272;272;437.211;436.921;60;267.554;;;850.795;1;1
312;0.8;52.6418;30.8;0;40.3212;31;188;322.28;282.06;266;355;272;272;437.211;436.921;60;267.525;;;849.699;1;1
313;0.8;52.5376;30.8;0;40.2836;31;196;321.615;282.06;266;355;272;272;437.211;436.921;60;267.499;;;848.525;1;1
314;0.8;52.7575;30.8;0;40.081;31;219;320.891;282.067;266;355;272;272;437.066;436.921;60;267.474;;;847.415;1;1
315;0.8;52.6418;30.9;0.174528;40.2836;31;240;320.877;282.067;266;355;272;272;437.066;436.921;60;267.485;;;847.025;1;1
316;0.8;52.772;30.9;0.156525;40.081;31;256;320.558;282.067;266;355;272;272;437.211;436.921;60;267.56;;;845.931;1;1
317;0.8;52.7431;30.9;0.174864;40.081;31;277;320.515;282.075;266;355;272;272;437.211;436.921;60;267.653;;;844.837;1;1
318;0.8;52.7431;30.9;0.174864;40.3877;31;289;320.457;282.075;266;355;272;272;437.066;436.777;60;267.61;;;844.837;1;1
319;0.8;52.4306;30.9;0.192144;40.1823;31;297;319.69;282.075;266;355;272;272;437.211;436.777;60;267.552;;;843.98;1;1
320;0.8;52.2338;30.9;0.118408;40.2865;31;304;319.734;281.778;266;355;272;272;437.066;436.777;60;267.501;;;841.048;1;1
321;0.8;52.4768;30.8;0;40.489;31;305;320.023;281.742;266;355;272;272;436.921;436.632;60;267.477;;;840.775;1;1
322;0.8;52.7431;30.8;0;40.3877;31;308;319.936;281.764;266;355;272;272;436.777;436.487;60;267.244;;;840.229;1;1
323;0.8;53.0498;30.8;0;40.2836;31.1;319;320.009;281.735;266;355;272;272;436.632;436.343;60;266.762;;;838.448;1;1
324;0.8;52.7431;30.8;0;40.081;31.1;332;319.907;281.778;266;355;272;272;436.487;436.198;60;266.453;;;838.211;1;1
325;0.8;52.9456;30.8;0;40.081;31.1;366;320.428;281.735;266;355;272;272;436.487;436.198;60;266.284;;;837.939;1;1
326;0.8;52.908;30.8;0;40.081;31.1;406;320.37;281.684;266;355;272;272;436.198;436.053;60;266.216;;;837.121;1;1
327;0.8;52.4334;30.9;0.192154;39.8785;31.1;452;320.37;281.691;266;355;272;272;436.198;435.909;60;266.221;;;835.215;1;1
328;0.8;52.7402;30.9;0.230127;40.0116;31.1;492;320.747;281.691;266;355;272;272;436.198;435.909;60;266.274;;;834.671;1;1
329;0.8;52.7431;30.9;0.193289;40.3877;31.1;520;320.906;281.561;266;355;272;272;435.909;435.764;60;266.348;;;832.767;1;1
330;0.8;52.9543;30.9;0.231061;40.3877;31.2;542;321.629;281.568;266;355;272;272;435.909;435.764;60;266.432;;;831.409;1;1
331;0.8;52.8443;30.9;0.267502;40.2836;31.2;548;321.889;281.561;266;355;272;272;435.909;435.619;60;266.53;;;830.322;1;1
332;0.8;52.5376;30.9;0.26595;40.3848;31.2;542;322.569;281.554;266;355;272;272;435.619;435.619;60;266.647;;;829.973;1;1
333;0.8;52.3351;30.9;0.264924;40.3472;31.2;533;323.582;281.576;266;355;272;272;435.619;435.475;60;266.765;;;828.074;1;1
334;0.8;52.7431;30.9;0.26699;40.1823;31.3;510;323.77;281.561;266;355;272;272;435.619;435.33;60;266.874;;;827.532;1;1
335;0.8;52.6389;30.9;0.266462;40.1823;31.3;480;324.74;281.554;266;355;272;272;435.619;435.33;60;266.974;;;826.718;1;1
336;0.8;52.772;30.9;0.267136;40.1447;31.3;441;325.622;281.561;266;355;272;272;435.475;435.33;60;267.056;;;824.28;1;1
337;0.8;53.044;31;0.610117;40.1823;31.4;421;326.736;281.568;266;355;272;272;435.475;435.475;60;267.121;;;824.009;1;1
338;0.8;52.9456;31;0.701491;40.2865;31.4;385;326.982;281.178;266;355;272;272;435.619;435.619;60;267.178;;;824.009;1;1
339;0.8;52.9109;31;0.737999;40.2836;31.4;352;327.995;281.149;266;355;272;272;435.764;435.619;60;267.207;;;822.62;1;1
340;0.8;53.0671;31;0.703102;40.4282;31.5;314;328.921;281.17;266;355;272;272;435.764;435.764;60;267.226;;;821.268;1;1
341;0.8;53.151;31.1;1.12078;40.489;31.5;269;329.659;281.178;266;355;272;272;435.764;435.619;60;267.236;;;820.631;1;1
342;0.8;52.8443;31.1;1.05893;40.6916;31.6;223;330.628;281.178;266;355;272;272;435.909;435.764;60;267.266;;;819.574;1;1
343;0.8;52.9456;31.2;1.40193;40.489;31.6;184;330.83;281.156;266;355;272;272;436.053;435.764;60;267.302;;;817.953;1;1
344;0.8;52.7286;31.2;1.45144;40.3877;31.7;143;331.742;281.156;266;355;272;272;436.053;435.764;60;267.341;;;817.414;1;1
345;0.8;52.6678;31.2;1.52339;40.5903;31.7;113;332.06;281.17;266;355;272;272;436.053;435.764;60;267.383;;;816.065;1;1
346;0.8;52.8935;31.3;1.87055;40.2894;31.7;82;332.885;281.178;266;355;272;272;436.053;435.764;60;267.402;;;813.639;1;1
347;0.8;52.5376;31.3;1.89467;40.2836;31.8;56;332.841;281.156;266;355;272;272;436.053;435.909;60;267.412;;;813.639;1;1
348;0.8;52.5434;31.4;2.17819;40.191;31.8;2;333.03;281.178;266;355;272;272;436.053;435.909;60;267.38;;;813.639;1;1
349;0.8;52.7431;31.4;2.26017;39.9797;31.9;0;332.986;281.178;266;355;272;272;436.053;435.909;60;267.366;;;811.269;1;1
350;0.8;52.6186;31.5;2.61209;40.1881;31.9;0;332.957;281.178;266;355;272;272;436.053;436.053;60;267.393;;;811.269;1;1
351;0.8;52.9456;31.5;2.64681;40.1852;31.9;0;332.682;281.178;266;355;272;272;436.053;435.909;60;267.446;;;810.731;1;1
352;0.8;53.0382;31.6;2.99301;40.0781;31.9;0;332.682;281.178;266;355;272;272;436.198;436.053;60;267.501;;;810.433;1;1
353;0.8;52.7083;31.6;3.04807;40.2836;31.9;0;331.944;281.156;266;355;272;272;436.198;436.053;60;267.551;;;808.283;1;1
354;0.8;52.5174;31.6;3.07372;40.2865;32;0;331.872;281.431;266;355;272;272;436.198;436.053;60;267.59;;;807.745;1;1
355;0.8;52.7402;31.7;3.38956;40.2402;32;0;331.047;281.17;266;355;272;272;436.343;436.198;60;267.552;;;807.216;1;1
356;0.8;52.9456;31.7;3.45825;40.2865;32;0;330.744;281.438;266;355;272;272;436.343;436.198;60;267.504;;;805.25;1;1
357;0.8;52.8414;31.7;3.52529;40.2836;31.9;0;330.425;281.445;266;355;272;272;436.343;436.053;60;267.487;;;804.714;1;1
358;0.8;52.7431;31.8;3.85838;40.1794;31.9;0;329.369;281.445;266;355;272;272;436.198;436.053;60;267.483;;;803.716;1;1
359;0.8;52.9456;31.8;3.83621;39.9797;31.9;2;328.573;281.445;266;355;272;272;436.198;436.053;60;267.474;;;801.656;1;1
360;0.8;53.2494;31.8;3.95126;39.8785;31.9;12;327.546;281.453;266;355;272;272;436.198;435.909;60;267.435;;;801.656;1;1
361;0.8;52.9861;31.8;3.95023;40.081;31.9;31;327.315;281.46;266;355;272;272;436.198;436.053;60;267.284;;;801.371;1;1
362;0.8;52.6302;31.8;3.94208;40.3877;31.8;65;326.389;281.431;266;355;272;272;436.343;436.198;60;267.189;;;799.539;1;1
363;0.8;52.5376;31.8;3.99021;40.1794;31.8;106;325.694;281.192;266;355;272;272;436.343;436.053;60;267.158;;;799.271;1;1
364;0.8;52.9456;31.8;4.02119;40.1823;31.8;136;324.696;281.185;266;355;272;272;436.198;436.053;60;267.151;;;799.004;1;1
365;0.8;52.5376;31.8;3.99021;40.1823;31.8;178;323.611;281.453;266;355;272;272;436.198;435.909;60;267.146;;;796.331;1;1
366;0.8;52.5376;31.8;4.02694;40.1765;31.7;229;322.526;281.445;266;355;272;272;436.053;435.909;60;267.141;;;795.314;1;1
367;0.8;52.2309;31.8;4.02168;40.1823;31.7;267;322.237;281.453;266;355;272;272;436.198;435.909;60;267.142;;;794.399;1;1
368;0.8;52.5405;31.8;4.08222;40.1823;31.7;292;321.427;281.445;266;355;272;272;436.198;436.053;60;267.151;;;793.866;1;1
369;0.8;52.9109;31.8;4.16645;39.9797;31.6;322;320.327;281.453;266;355;272;272;436.198;436.053;60;267.166;;;792.532;1;1
370;0.8;52.7431;31.8;4.17166;40.081;31.6;337;320.081;281.445;266;355;272;272;436.198;435.909;60;267.188;;;791.765;1;1
371;0.8;52.4363;31.8;4.18406;40.1823;31.6;367;320.197;281.416;266;355;272;272;436.198;435.909;60;267.206;;;790.433;1;1
372;0.8;52.6389;31.8;4.27378;40.2836;31.6;384;319.575;281.453;266;355;272;272;436.198;435.909;60;267.209;;;789.953;1;1
373;0.8;52.3409;31.8;4.26787;40.5758;31.5;393;319.271;281.453;266;355;272;272;436.198;436.053;60;267.205;;;789.42;1;1
374;0.8;52.4363;31.7;3.97461;40.489;31.5;401;319.198;281.453;266;355;272;272;436.343;436.053;60;267.201;;;789.154;1;1
375;0.8;52.8385;31.7;4.04203;40.3877;31.5;412;319.141;281.453;266;355;272;272;436.343;435.909;60;267.201;;;786.228;1;1
376;0.8;52.8443;31.7;4.0794;40.0868;31.5;410;319.097;281.46;266;355;272;272;436.198;436.053;60;267.201;;;785.722;1;1
377;0.8;52.8357;31.7;4.09719;40.2865;31.5;415;319.358;281.453;266;355;272;272;436.198;436.053;60;267.201;;;784.897;1;1
378;0.8;52.6389;31.7;4.11871;40.3877;31.5;411;319.473;281.453;266;355;272;272;436.198;436.053;60;267.204;;;783.004;1;1
379;0.8;52.8443;31.7;4.1717;40.3819;31.5;396;319.56;281.047;266;355;272;272;436.198;435.909;60;267.191;;;782.689;1;1
380;0.8;52.7344;31.7;4.23674;40.081;31.5;384;320.428;281.047;266;355;272;272;436.198;435.909;60;267.166;;;782.159;1;1
381;0.8;52.7431;31.7;4.25586;40.1823;31.5;375;320.558;281.047;266;355;272;272;436.198;435.909;60;267.127;;;780.303;1;1
382;0.8;52.6939;31.7;4.2703;40.2836;31.6;372;320.501;281.047;266;355;272;272;436.198;435.909;60;267.09;;;779.68;1;1
383;0.8;52.3351;31.7;4.29607;40.081;31.6;367;321.238;281.047;266;355;272;272;436.198;436.053;60;267.069;;;779.415;1;1
384;0.8;52.5405;31.7;4.34967;40.2894;31.6;356;321.412;280.924;266;355;272;272;436.198;436.053;60;267.05;;;777.76;1;1
385;0.8;52.6765;31.7;4.43453;40.2836;31.6;344;322.179;280.917;266;355;272;272;436.198;436.053;60;267.042;;;776.437;1;1
386;0.8;52.7431;31.7;4.42171;40.0145;31.7;340;322.555;280.729;266;355;272;272;436.198;435.909;60;267.028;;;776.437;1;1
387;0.8;52.3785;31.7;4.42774;40.0579;31.7;334;322.975;280.707;266;355;272;272;436.198;436.053;60;267.019;;;774.058;1;1
388;0.8;52.1846;31.8;4.85682;40.081;31.7;323;323.452;280.924;266;355;272;272;436.198;436.053;60;267.019;"CUSN6       ";;773.001;1;1
389;0.8;52.2164;31.8;4.8233;40.081;31.8;315;323.669;280.91;266;355;272;272;436.198;435.909;60;267.038;"CUSN6       ";;772.65;1;1
390;0.8;52.3322;31.8;4.90712;40.1823;31.8;303;324.407;280.541;266;355;272;272;436.198;435.909;60;267.07;;;771.594;1;1
391;0.8;52.4363;31.8;5.0085;40.0781;31.8;298;324.494;280.512;266;355;272;272;436.053;435.909;60;267.081;;;769.613;1;1
392;0.8;52.3495;31.8;4.94532;39.8785;31.9;279;324.566;280.541;266;355;272;272;436.198;435.764;60;267.089;;;768.545;1;1
393;0.8;52.4363;31.9;5.34619;40.081;31.9;266;324.754;280.512;266;355;272;272;436.053;435.764;60;267.078;;;768.019;1;1
394;0.8;52.4392;31.9;5.38313;40.1823;31.9;263;325.608;280.512;266;355;272;272;436.053;436.053;60;267.069;;;766.966;1;1
395;0.8;52.5376;31.9;5.46664;40.3877;31.9;251;325.998;280.512;266;355;272;272;436.198;436.053;60;267.059;;;766.966;1;1
396;0.8;52.5752;32;5.80914;40.5527;31.9;237;326.042;280.201;266;355;272;272;436.198;436.053;60;267.052;;;766.164;1;1
397;0.8;52.4219;32;5.88379;40.489;32;217;326.751;280.201;266;355;272;272;436.198;436.053;60;267.039;;;764.06;1;1
398;0.8;52.5376;32;5.91513;40.2836;32;218;326.722;280.201;266;355;272;272;436.198;436.053;60;267.01;;;763.535;1;1
399;0.8;52.6389;32;5.94492;40.3038;32;212;326.968;280.208;266;355;272;272;436.343;436.053;60;266.975;;;762.748;1;1
400;0.8;52.8993;32.1;6.35196;40.4919;32;199;326.91;280.208;266;355;272;272;436.343;436.198;60;266.945;;;761.697;1;1
401;0.8;52.7517;32.1;6.40798;40.5903;32;187;326.881;280.216;266;355;272;272;436.487;436.343;60;267.002;;;761.172;1;1
402;0.8;52.5376;32.1;6.36361;40.2836;32;185;327.575;280.216;266;355;272;272;436.487;436.198;60;267.145;;;760.647;1;1
403;0.8;52.3351;32.1;6.39393;40.3848;32;190;327.648;280.223;266;355;272;272;436.487;436.343;60;267.281;;;759.502;1;1
404;0.8;52.6389;32.2;6.82521;40.3154;32.1;179;327.749;280.23;266;355;272;272;436.343;436.198;60;267.339;;;757.562;1;1
405;0.8;53.0093;32.2;6.85472;40.3877;32.1;165;327.778;280.23;266;355;272;272;436.343;436.198;60;267.32;;;757.038;1;1
406;0.8;52.9456;32.2;6.86498;40.489;32.1;152;327.763;280.237;266;355;272;272;436.343;436.198;60;267.277;;;755.729;1;1
407;0.8;52.7083;32.2;6.9079;40.489;32.1;143;327.069;280.237;266;355;272;272;436.343;436.053;60;267.238;;;753.57;1;1
408;0.8;52.5376;32.2;6.84879;40.489;32.1;135;326.997;280.245;266;355;272;272;436.343;436.053;60;267.2;;;753.309;1;1
409;0.8;52.3553;32.3;7.19879;40.489;32.1;128;326.924;280.223;266;355;272;272;436.198;436.198;60;267.16;;;752.445;1;1
410;0.8;52.5289;32.3;7.25937;40.5903;32.1;137;326.476;280.23;266;355;272;272;436.343;436.198;60.231;267.123;;;750.355;1;1
411;0.8;52.6389;32.3;7.23778;40.1794;32.1;143;326.505;280.23;266;355;272;272;436.487;436.198;64.1826;267.085;;;749.833;1;1
412;0.8;52.4363;32.3;7.30152;40.081;32.1;151;326.071;280.353;266;355;272;272;436.487;436.198;66;267.053;;;748.417;1;1
413;0.8;52.5405;32.3;7.29767;39.9797;32.1;156;326.172;280.266;266;355;272;272;436.632;436.343;67.8843;266.963;;;747.187;1;1
414;0.8;52.6418;32.3;7.33013;40.081;32;171;325.694;280.266;266;355;272;272;436.632;436.343;68;266.662;;;746.926;1;1
415;0.8;52.7431;32.3;7.34423;40.081;32;191;325.637;280.273;266;355;272;272;436.632;436.343;68.0922;266.506;;;746.019;1;1
416;0.8;52.7373;32.4;7.70149;40.081;32;215;325.058;280.281;266;355;272;272;436.487;436.198;69.9748;266.431;;;744.431;1;1
417;0.8;52.8443;32.4;7.79099;40.1823;32;248;324.494;280.317;266;355;272;272;436.487;436.198;70;266.376;;;743.91;1;1
418;0.8;52.5376;32.4;7.72742;40.2836;32;284;324.465;280.31;266;355;272;272;436.343;436.053;70;266.328;;;742.157;1;1
419;0.8;52.4363;32.4;7.65754;39.9797;32;325;323.987;280.31;266;355;272;272;436.198;436.053;70;266.298;;;741.377;1;1
420;0.8;52.5694;32.4;7.67698;39.8785;32;354;323.611;280.281;266;355;272;272;436.343;436.053;70;266.214;;;740.337;1;1
421;0.8;52.3351;32.4;7.69762;40.081;32;384;323.683;280.273;266;355;272;272;436.198;436.053;70;266.097;"CUSN6       ";;738.001;1;1
422;0.8;52.3351;32.4;7.75247;40.2865;32;417;323.669;280.273;266;355;272;272;436.343;436.053;70;265.988;;;737.404;1;1
423;0.8;52.5029;32.4;7.75899;40.2836;31.9;443;323.64;280.346;266;355;272;272;436.343;436.053;70;265.906;;;736.424;1;1
424;0.8;52.6389;32.4;7.7607;40.4919;31.9;469;323.568;280.027;266;355;272;272;436.198;435.909;70;265.86;;;735.387;1;1
425;0.8;52.5376;32.4;7.78248;40.489;31.9;493;323.539;280.027;266;355;272;272;436.198;435.909;70;265.839;;;734.667;1;1
426;0.8;52.5579;32.4;7.8222;40.4022;31.9;519;323.973;280.027;266;355;272;272;436.198;435.909;70;265.827;;;732.596;1;1
427;0.8;52.6418;32.4;7.77952;40.3877;31.9;542;323.987;280.02;266;355;272;272;436.198;436.053;70;265.831;;;731.562;1;1
428;0.8;52.9456;32.4;7.82442;40.2836;31.9;547;324.494;280.027;266;355;272;272;436.198;436.053;70;265.845;;;730.651;1;1
429;0.8;52.9456;32.4;7.86141;40.1794;31.9;551;325.145;280.027;266;355;272;272;436.198;436.053;70;265.851;;;728.843;1;1
430;0.8;52.6215;32.4;7.85005;40.081;31.9;545;325.738;280.02;266;355;272;272;436.343;436.053;70;265.857;;;728.584;1;1
431;0.8;52.7431;32.4;7.84976;40.081;31.9;543;326.157;280.027;266;355;272;272;436.343;436.053;70;265.862;;;727.678;1;1
432;0.8;52.4913;32.4;7.77562;40.2836;31.9;530;326.664;280.02;266;355;272;272;436.198;436.053;70;265.866;;;725.356;1;1
433;0.8;52.4306;32.4;7.76662;40.489;31.9;520;327.619;280.02;266;355;272;272;436.198;436.053;70;265.87;;;724.326;1;1
434;0.8;52.5694;32.4;7.75046;40.489;32;506;328.038;280.02;266;355;272;272;436.343;436.053;70;265.875;"CUSN6       ";;723.038;1;1
435;0.8;52.6128;32.4;7.812;40.2836;32;485;329.065;279.731;266;355;272;272;436.198;436.053;70;265.881;;;722.781;1;1
436;0.8;52.7431;32.4;7.83133;40.081;32;459;329.615;279.709;266;355;272;272;436.198;435.909;70;265.89;;;721.854;1;1
437;0.8;52.5376;32.4;7.78248;40.0579;32.1;430;330.773;279.666;266;355;272;272;436.198;436.053;70;265.894;;;721.076;1;1
438;0.8;52.6418;32.5;8.13691;40.1823;32.1;411;331.236;279.666;266;355;272;272;436.343;436.053;70;265.9;;;719.791;1;1
439;0.8;52.7431;32.5;8.17099;40.2865;32.1;390;332.205;279.716;266;355;272;272;436.343;436.198;70;265.899;;;717.993;1;1
440;0.8;52.636;32.5;8.09924;40.2807;32.2;364;332.798;279.695;266;355;272;272;436.343;436.053;70;265.888;;;715.941;1;1
441;0.8;52.6273;32.5;8.13468;40.489;32.2;339;333.203;279.666;266;355;272;272;436.343;436.198;70;265.875;;;715.685;1;1
442;0.8;52.6389;32.6;8.53062;40.489;32.2;323;334.1;279.651;266;355;272;272;436.487;436.198;70;265.867;;;713.83;1;1
443;0.8;52.6418;32.6;8.47592;40.3877;32.3;301;334.751;279.666;266;355;272;272;436.487;436.198;70;265.865;;;713.318;1;1
444;0.8;52.3351;32.7;8.80015;40.0723;32.3;287;335.156;279.702;266;355;272;272;436.487;436.198;70;265.864;;;712.549;1;1
445;0.8;52.4363;32.7;8.76222;39.8785;32.3;256;335.894;279.507;266;355;272;272;436.487;436.198;70;265.866;;;710.219;1;1
446;0.8;52.7431;32.7;8.85033;39.9797;32.4;249;336.328;279.514;266;355;272;272;436.487;436.198;70;265.87;;;709.57;1;1
447;0.8;52.6418;32.8;9.17234;39.7772;32.4;235;336.965;279.536;266;355;272;272;436.487;436.198;70;265.87;;;707.271;1;1
448;0.8;52.7431;32.8;9.13471;39.673;32.4;219;336.936;279.536;266;355;272;272;436.487;436.198;70;265.876;;;706.546;1;1
449;0.8;52.8443;32.8;9.17071;39.7772;32.5;205;337.254;279.485;266;355;272;272;436.487;436.198;70;265.886;;;706.035;1;1
450;0.8;52.4363;32.9;9.47424;39.6759;32.5;201;337.24;279.485;266;355;272;272;436.487;436.198;70;265.899;;;704.505;1;1
451;0.8;52.2338;32.9;9.4194;39.5718;32.5;191;337.297;279.507;266;355;272;272;436.487;436.198;70;265.91;;;703.995;1;1
452;0.8;52.4363;33;9.84856;39.673;32.5;187;337.24;279.536;266;355;272;272;436.343;436.198;70;265.92;;;702.531;1;1
453;0.8;52.5058;33;9.80658;39.8785;32.5;183;337.312;279.514;266;355;272;272;436.343;436.198;70;265.929;;;700.897;1;1
454;0.8;52.1325;33;9.75508;40.081;32.5;174;337.37;279.485;266;355;272;272;436.343;436.053;70;265.937;;;700.134;1;1
455;0.8;52.0312;33;9.73613;40.1823;32.6;170;337.442;279.507;266;355;272;272;436.343;436.053;70;265.944;;;697.847;1;1
456;0.8;52.3322;33.1;10.1477;40.0521;32.6;166;336.921;279.507;266;355;272;272;436.343;436.198;70;265.95;;;697.507;1;1
457;0.8;52.2309;33.1;10.1281;39.9797;32.6;174;336.936;279.536;266;355;272;272;436.487;436.198;70;265.953;;;696.386;1;1
458;0.8;52.066;33.1;10.0597;39.9826;32.6;175;336.299;279.485;266;355;272;272;436.487;436.198;70;265.965;;;694.61;1;1
459;0.8;52.2338;33.1;10.1469;39.8958;32.5;186;336.299;279.507;266;355;272;272;436.487;436.198;70;265.981;;;694.357;1;1
460;0.8;52.1325;33.2;10.4265;39.9797;32.5;187;335.778;279.492;266;355;272;272;436.487;436.343;70;265.984;;;693.151;1;1
461;0.8;52.3351;33.2;10.4671;40.1823;32.5;194;335.272;279.543;266;355;272;272;436.487;436.343;70;265.981;;;691.772;1;1
462;0.8;52.2193;33.2;10.4257;40.2865;32.5;196;334.968;279.536;266;355;272;272;436.487;436.343;70;265.976;;;691.519;1;1
463;0.8;52.0312;33.2;10.4063;40.2112;32.5;203;334.983;279.492;266;355;272;272;436.487;436.198;70;265.986;;;689.044;1;1
464;0.8;52.1672;33.2;10.4517;40.081;32.5;210;334.361;279.485;266;355;272;272;436.487;436.198;70;266.004;;;688.453;1;1
465;0.8;52.4363;33.2;10.5056;39.9797;32.5;223;333.84;279.536;266;355;272;272;436.632;436.343;70;266.012;;;687.696;1;1
466;0.8;52.6389;33.2;10.5462;39.7859;32.5;233;333.247;279.536;266;355;272;272;436.487;436.343;70;266.018;;;685.928;1;1
467;0.8;52.4363;33.2;10.469;39.8785;32.5;235;332.784;279.485;266;355;272;272;436.632;436.487;70;266.009;;;684.83;1;1
468;0.8;52.4566;33.2;10.473;39.9797;32.5;245;332.755;279.492;266;355;272;272;436.632;436.487;70;265.993;;;683.317;1;1
469;0.8;52.3351;33.2;10.4853;40.2257;32.4;258;332.147;279.485;266;355;272;272;436.487;436.343;70;265.982;;;683.064;1;1
470;0.8;52.0457;33.2;10.3728;40.4138;32.4;271;331.771;279.536;266;355;272;272;436.632;436.487;70;265.973;;;682.309;1;1
471;0.8;52.3351;33.2;10.4671;40.3877;32.4;277;331.843;279.536;266;355;272;272;436.777;436.487;70;265.965;;;680.289;1;1
472;0.8;52.5;33.2;10.5367;40.515;32.4;286;331.293;279.485;266;355;272;272;436.632;436.487;70;265.96;;;678.881;1;1
473;0.8;52.662;33.2;10.5324;40.3877;32.4;298;331.163;279.485;266;355;272;272;436.632;436.487;70;265.979;;;677.657;1;1
474;0.8;52.5376;33.2;10.5076;40.081;32.4;306;330.802;279.528;266;355;272;272;436.632;436.487;70;266.024;;;676.655;1;1
475;0.8;52.5376;33.2;10.5076;39.7772;32.4;315;330.773;279.536;266;355;272;272;436.632;436.343;70;266.065;;;676.404;1;1
476;0.8;52.6389;33.2;10.5094;39.5718;32.4;323;329.977;279.514;266;355;272;272;436.632;436.343;70;266.08;;;674.397;1;1
477;0.8;52.1296;33.2;10.4078;39.7772;32.4;328;330.122;279.536;266;355;272;272;436.632;436.343;70;266.094;"CUSN6       ";;673.768;1;1
478;0.8;52.2338;33.2;10.4103;40.081;32.4;327;329.644;279.536;266;355;272;272;436.487;436.343;70;266.106;;;673.267;1;1
479;0.8;52.5029;33.2;10.5006;39.9797;32.4;329;329.745;279.536;266;355;272;272;436.632;436.343;70;266.116;;;670.262;1;1
480;0.8;52.3264;33.2;10.5019;40.1505;32.4;334;329.803;279.514;266;355;272;272;436.632;436.487;70;266.136;;;670.171;1;1
481;0.8;52.2338;33.2;10.4286;40.4803;32.4;327;329.789;279.311;266;355;272;272;436.632;436.487;70;266.155;;;667.921;1;1
482;0.8;52.1499;33.2;10.43;40.3877;32.4;323;329.716;279.138;266;355;272;272;436.632;436.487;70;266.161;;;667.834;1;1
483;0.8;52.3438;33.1;10.1317;40.081;32.4;321;329.673;279.109;266;355;272;272;436.632;436.343;70;266.158;;;666.976;1;1
484;0.8;52.228;33.1;10.1458;40.1823;32.4;318;329.63;279.109;266;355;272;272;436.487;436.198;70;266.152;;;664.962;1;1
485;0.8;52.1904;33.1;10.0838;40.1823;32.4;313;329.601;279.102;266;355;272;272;436.487;436.198;70;266.139;;;664.962;1;1
486;0.8;51.9271;33.1;9.97848;40.1823;32.4;310;329.63;279.109;266;355;272;272;436.487;436.343;70;266.117;;;661.314;1;1
487;0.8;52.3524;33.1;10.1334;40.0781;32.4;308;329.76;279.116;266;355;272;272;436.487;436.198;70;266.088;;;661.314;1;1
488;0.8;52.7431;33.1;10.1721;39.9769;32.5;310;329.818;279.109;266;355;272;272;436.487;436.343;70;266.056;;;659.843;1;1
489;0.8;52.8443;33.1;10.1917;39.8785;32.5;310;329.803;279.13;266;355;272;272;436.487;436.198;70;266.027;;;658.6;1;1
490;0.8;52.4942;33.1;10.1241;40.1823;32.5;309;329.76;279.094;266;355;272;272;436.343;436.053;70;266.001;;;658.083;1;1
491;0.8;52.4363;33.1;10.113;40.1823;32.5;310;329.716;279.13;266;355;272;272;436.343;436.053;70;265.978;;;656.344;1;1
492;0.8;52.9253;33.1;10.1703;39.9797;32.5;315;329.673;279.13;266;355;272;272;436.343;436.053;70;265.948;"CUSN6       ";;655.371;1;1
493;0.8;52.555;33.1;10.0991;40.1852;32.5;323;329.644;279.116;266;355;272;272;436.198;436.053;70;265.916;;;654.453;1;1
494;0.8;52.5376;33.1;10.1142;40.2836;32.6;323;329.601;279.13;266;355;272;272;436.198;435.909;70;265.883;;;652.223;1;1
495;0.8;52.3351;33.1;10.0752;40.2836;32.6;330;329.644;279.13;266;355;272;272;436.198;435.909;70;265.856;;;652.223;1;1
496;0.8;52.4392;33.1;10.0586;40.081;32.6;340;329.76;279.13;266;355;272;272;436.053;435.909;70;265.837;;;650.985;1;1
497;0.8;51.9387;33.1;9.94439;39.8785;32.6;349;329.818;279.13;266;355;272;272;436.053;435.909;70;265.833;;;649.748;1;1
498;0.8;51.9271;33.2;10.2766;39.9797;32.6;353;329.803;279.13;266;355;272;272;436.053;435.909;70;265.835;;;649.007;1;1
499;0.8;52.1296;33.2;10.3167;39.9797;32.6;355;329.745;279.087;266;355;272;272;436.053;435.909;70;265.842;;;647.057;1;1
500;0.8;51.9271;33.2;10.331;40.0463;32.6;363;329.919;279.08;266;355;272;272;436.053;435.909;70;265.853;;;646.316;1;1
501;0.8;52.1325;33.2;10.3172;40.2749;32.7;359;329.861;278.993;266;355;272;272;436.053;435.909;70;265.86;;;645.507;1;1
502;0.8;52.0255;33.2;10.2779;40.0781;32.7;349;330.411;278.993;266;355;272;272;436.053;435.909;70;265.864;;;644.029;1;1
503;0.8;52.0284;33.2;10.3148;39.7772;32.7;351;329.876;279;266;355;272;272;436.053;435.909;70;265.858;;;643.043;1;1
504;0.8;52.1412;33.2;10.3008;39.8785;32.7;362;330.744;279.008;266;355;272;272;436.053;435.909;70;265.852;;;641.164;1;1
505;0.8;52.4363;33.2;10.3041;39.9797;32.7;356;330.816;279;266;355;272;272;436.053;435.909;70;265.848;;;641.019;1;1
506;0.8;52.5492;33.2;10.363;39.9479;32.7;341;330.816;279;266;355;272;272;436.053;435.909;70;265.844;;;640.035;1;1
507;0.8;52.5376;33.2;10.3057;39.9797;32.7;341;331.033;279;266;355;272;272;436.053;435.909;70;265.839;;;638.069;1;1
508;0.8;52.3003;33.2;10.2774;39.8582;32.7;337;330.975;279;266;355;272;272;435.909;435.764;70;265.835;;;637.332;1;1
509;0.8;52.338;33.2;10.2665;39.7743;32.7;335;331.742;279;266;355;272;272;436.053;435.764;70;265.831;;;636.335;1;1
510;0.8;52.3351;33.2;10.3025;39.8785;32.8;336;331.713;278.993;266;355;272;272;435.909;435.764;70;265.832;;;635.354;1;1
511;0.8;52.3727;33.2;10.255;39.9074;32.8;315;331.93;278.993;266;355;272;272;436.053;435.764;70;265.884;"CUSN6       ";;634.165;1;1
512;0.8;52.5376;33.3;10.6073;39.9797;32.8;314;331.887;278.993;266;355;272;272;436.053;435.764;70;266.011;;;632.11;1;1
513;0.8;52.5376;33.3;10.5705;39.9884;32.8;294;332.812;278.993;266;355;272;272;435.909;435.619;70;266.145;;;631.621;1;1
514;0.8;52.6389;33.3;10.6277;40.081;32.8;289;332.87;278.993;266;355;272;272;435.909;435.619;70;266.246;;;628.954;1;1
515;0.8;52.2338;33.3;10.5277;40.1852;32.8;258;332.812;278.602;266;355;272;272;436.053;435.764;70;266.307;;;628.413;1;1
516;0.8;52.1325;33.3;10.4526;40.0897;32.8;253;332.798;278.602;266;355;272;272;436.053;435.764;70;266.331;;;628.413;1;1
517;0.8;51.8895;33.3;10.4039;40.1447;32.8;240;333.478;278.877;266;355;272;272;436.053;435.764;70;266.336;;;626.257;1;1
518;0.8;52.0312;33.3;10.4323;39.9797;32.8;231;333.449;278.892;266;355;272;272;436.053;435.909;70;266.317;;;626.013;1;1
519;0.8;52.2338;33.3;10.4182;39.9103;32.8;205;333.449;279.008;266;355;272;272;436.053;435.909;70;266.295;;;624.109;1;1
520;0.8;52.0284;33.4;10.7123;39.9797;32.8;190;333.507;279;266;355;272;272;436.053;435.909;70;266.276;;;623.135;1;1
521;0.8;52.1672;33.4;10.7591;40.1823;32.8;182;333.594;279;266;355;272;272;436.053;435.764;70;266.303;;;622.258;1;1
522;0.8;52.2338;33.4;10.7363;40.2836;32.8;165;333.565;279;266;355;272;272;436.053;435.764;70;266.375;;;620.253;1;1
523;0.8;52.5376;33.4;10.7437;40.2836;32.8;162;333.492;279;266;355;272;272;436.053;435.909;70;266.451;;;620.01;1;1
524;0.8;52.3322;33.4;10.7017;40.1823;32.8;160;332.726;278.993;266;355;272;272;436.053;435.764;70;266.499;;;617.338;1;1
525;0.8;52.0312;33.4;10.6038;40.3848;32.8;160;332.711;278.993;266;355;272;272;436.053;435.764;70;266.501;;;616.772;1;1
526;0.8;52.0284;33.4;10.6396;40.6829;32.8;150;332.668;278.993;266;355;272;272;435.909;435.619;70;266.482;;;616.53;1;1
527;0.8;52.3351;33.5;11.021;40.5903;32.8;143;332.306;278.993;266;355;272;272;435.909;435.764;70;266.442;;;614.689;1;1
528;0.8;51.7216;33.5;10.8557;40.6916;32.8;143;331.698;278.993;266;355;272;272;435.764;435.764;70;266.385;;;614.689;1;1
529;0.8;52.0312;33.5;10.9025;40.8449;32.8;140;331.8;279;266;355;272;272;435.909;435.619;70;266.326;;;612.24;1;1
530;0.8;52.338;33.5;10.9119;40.8912;32.8;149;331.51;279.008;266;355;272;272;435.764;435.619;70;266.26;;;611.515;1;1
531;0.8;52.0399;33.5;10.8316;40.9925;32.8;160;330.773;279.008;266;355;272;272;435.909;435.764;70;266.193;;;610.548;1;1
532;0.8;51.9271;33.5;10.79;40.7755;32.8;177;330.425;279.008;266;355;272;272;435.909;435.619;70;266.126;;;608.661;1;1
533;0.8;51.9936;33.5;10.8038;40.489;32.7;194;329.688;279;266;355;272;272;435.909;435.764;70;266.064;;;608.42;1;1
534;0.8;52.1325;33.5;10.7598;40.4861;32.7;219;329.369;278.935;266;355;272;272;435.909;435.764;70;266.003;;;606.008;1;1
535;0.8;52.0284;33.5;10.702;40.3877;32.7;248;328.559;278.892;266;355;272;272;435.909;435.619;70;265.945;;;605.767;1;1
536;0.8;52.1383;33.5;10.7064;40.3877;32.7;269;328.328;279;266;355;272;272;435.909;435.619;68.064;265.892;;;605.526;1;1
537;0.8;52.4392;33.5;10.8231;40.1794;32.6;297;328.429;278.993;266;355;272;272;435.764;435.619;62.1803;265.849;;;604.267;1;1
538;0.8;52.228;33.5;10.6883;40.2836;32.6;323;327.778;278.993;266;355;272;272;435.619;435.475;60;265.819;;;603.785;1;1
539;0.8;52.1296;33.5;10.6135;40.081;32.6;360;327.488;278.993;266;355;272;272;435.764;435.475;60;265.803;;;601.861;1;1
540;0.8;52.1412;33.5;10.6158;40.4745;32.5;375;327.431;278.993;266;355;272;272;435.764;435.475;60;265.811;;;599.831;1;1
541;0.8;52.1296;33.5;10.5953;40.4948;32.5;388;326.62;279;266;355;272;272;435.764;435.475;60;265.859;;;598.871;1;1
542;0.8;52.2714;33.5;10.6058;40.5903;32.5;410;326.577;279;266;355;272;272;435.764;435.475;60;265.923;;;597.599;1;1
543;0.8;51.9473;33.5;10.4856;40.8941;32.5;432;326.519;279.008;266;355;272;272;435.764;435.619;60;265.999;;;596.682;1;1
544;0.8;52.3351;33.5;10.5822;40.7928;32.4;437;326.49;279;266;355;272;272;435.764;435.619;60;266.065;;;595.516;1;1
545;0.8;52.2338;33.4;10.1888;40.6916;32.4;439;326.678;279;266;355;272;272;435.764;435.619;60;266.114;;;594.798;1;1
546;0.8;52.1325;33.4;10.0962;40.8941;32.4;431;326.736;279;266;355;272;272;435.764;435.475;60;266.158;;;593.841;1;1
547;0.8;52.4363;33.4;10.1184;40.8941;32.4;422;326.736;279;266;355;272;272;435.619;435.475;60;266.196;;;593.362;1;1
548;0.8;52.5376;33.4;10.1747;40.6916;32.4;419;326.678;278.689;266;355;272;272;435.764;435.475;60;266.23;;;591.45;1;1
549;0.8;51.9878;33.4;9.97736;40.4051;32.3;411;327.127;278.675;266;355;272;272;435.619;435.475;60;266.271;;;590.972;1;1
550;0.8;51.9271;33.4;9.98386;40.3848;32.3;392;327.069;278.682;266;355;272;272;435.764;435.619;60;266.312;;;590.096;1;1
551;0.8;52.1354;33.4;10.0057;40.3848;32.3;369;327.561;278.696;266;355;272;272;435.619;435.475;60;266.343;;;588.504;1;1
552;0.8;52.1325;33.4;9.9687;40.3877;32.3;352;328.009;278.689;266;355;272;272;435.619;435.475;60;266.362;;;587.895;1;1
553;0.8;52.1325;33.4;9.87764;40.5903;32.3;329;328.125;278.689;266;355;272;272;435.619;435.475;60;266.357;;;587.419;1;1
554;0.8;52.5405;33.4;9.93659;40.6308;32.3;308;328.791;278.682;266;355;272;272;435.619;435.475;60;266.342;;;585.275;1;1
555;0.8;52.5376;33.4;9.97275;40.489;32.3;291;329.239;278.696;266;355;272;272;435.619;435.475;60;266.325;;;584.564;1;1
556;0.8;52.3351;33.4;9.86114;40.5903;32.3;274;329.094;278.689;266;355;272;272;435.619;435.33;60;266.3;;;583.612;1;1
557;0.8;52.3756;33.4;9.81389;40.4948;32.3;258;329.702;278.501;266;355;272;272;435.475;435.33;60;266.271;;;582.661;1;1
558;0.8;52.3351;33.4;9.82458;40.5903;32.3;244;330.049;278.487;266;355;272;272;435.475;435.33;60;266.275;;;582.424;1;1
559;0.8;52.5376;33.5;10.1826;40.6916;32.3;240;330.006;278.487;266;355;272;272;435.475;435.33;60;266.306;"CUSN6       ";;580.853;1;1
560;0.8;52.6389;33.5;10.1838;40.6453;32.3;232;330.006;278.487;266;355;272;272;435.475;435.33;60;266.337;;;579.667;1;1
561;0.8;52.7402;33.5;10.1297;40.5903;32.3;227;330.078;278.479;266;355;272;272;435.475;435.33;60;266.345;;;578.737;1;1
562;0.8;52.7402;33.5;10.1481;40.6539;32.4;226;330.773;278.479;266;355;272;272;435.475;435.33;60;266.318;;;577.315;1;1
563;0.8;52.6389;33.5;10.0551;40.3848;32.3;213;330.845;278.487;266;355;272;272;435.475;435.33;60;266.299;;;576.368;1;1
564;0.8;52.7431;33.5;10.0934;40.4745;32.3;208;330.816;278.494;266;355;272;272;435.475;435.33;60;266.287;;;575.54;1;1
565;0.8;52.6302;33.6;10.3556;40.5353;32.3;204;330.773;278.494;266;355;272;272;435.475;435.33;60;266.253;;;573.989;1;1
566;0.8;52.5955;33.6;10.312;40.3848;32.3;201;330.469;278.472;266;355;272;272;435.475;435.33;60;266.213;;;573.044;1;1
567;0.8;52.3438;33.6;10.2444;40.5874;32.3;210;330.006;278.154;266;355;272;272;435.475;435.185;60;266.19;;;572.808;1;1
568;0.8;52.3351;33.6;10.2427;40.489;32.3;221;330.411;278.364;266;355;272;272;435.33;435.33;60;266.182;;;571.044;1;1
569;0.8;52.6186;33.6;10.243;40.4022;32.3;225;329.962;278.147;266;355;272;272;435.475;435.33;60;266.199;;;570.573;1;1
570;0.8;52.4363;33.6;10.1342;40.6973;32.3;227;329.818;278.364;266;355;272;272;435.475;435.475;60;266.224;;;570.101;1;1
571;0.8;52.4363;33.6;10.1159;40.6944;32.2;235;329.818;278.364;266;355;272;272;435.475;435.33;60;266.228;;;568.226;1;1
572;0.8;52.5955;33.6;10.1834;40.5903;32.2;247;329.789;278.371;266;355;272;272;435.475;435.475;60;266.225;;;567.755;1;1
573;0.8;52.5376;33.6;10.0987;40.489;32.2;251;329.543;278.371;266;355;272;272;435.475;435.33;60;266.221;;;566.769;1;1
574;0.8;52.5376;33.6;10.0437;40.4861;32.2;250;329.485;278.378;266;355;272;272;435.475;435.475;60;266.208;;;565.687;1;1
575;0.8;52.4826;33.6;10.0698;40.4948;32.1;255;329.427;277.98;266;355;272;272;435.475;435.33;60;266.196;;;565.217;1;1
576;0.8;52.5289;33.6;9.98695;40.5903;32.1;264;328.602;277.98;266;355;272;272;435.475;435.33;60;266.166;;;563.807;1;1
577;0.8;52.4797;33.6;9.99593;40.6916;32.1;267;328.588;277.973;266;355;272;272;435.475;435.475;60;266.122;;;562.609;1;1
578;0.8;52.4363;33.6;9.93271;40.6916;32.1;287;328.559;277.973;266;355;272;272;435.475;435.33;60;266.074;;;562.139;1;1
579;0.8;52.3351;33.6;9.93181;40.6916;32;294;328.545;277.966;266;355;272;272;435.475;435.475;60;266.045;;;561.201;1;1
580;0.8;52.2627;33.6;9.84502;40.7928;32;303;328.501;277.966;266;355;272;272;435.475;435.33;60;265.836;;;559.327;1;1
581;0.8;52.2367;33.6;9.80362;40.6916;32;319;327.691;277.98;266;355;272;272;435.475;435.33;60;265.453;;;558.677;1;1
582;0.8;52.3351;33.6;9.76724;40.8941;31.9;341;327.619;277.98;266;355;272;272;435.475;435.185;60;265.151;;;556.826;1;1
583;0.8;52.6389;33.6;9.82394;40.7899;31.9;368;327.604;277.98;266;355;272;272;435.475;435.185;60;264.94;;;556.593;1;1
584;0.8;52.6157;33.6;9.78283;40.4861;31.9;398;327.561;277.98;266;355;272;272;435.475;435.33;60;264.809;;;555.976;1;1
585;0.8;52.4363;33.5;9.37515;40.3848;31.9;442;327.561;277.836;266;355;272;272;435.475;435.33;60;264.747;;;553.874;1;1
586;0.8;52.5376;33.5;9.35655;40.3848;31.8;494;327.575;277.857;266;355;272;272;435.475;435.33;60;264.709;;;553.641;1;1
587;0.8;52.7431;33.5;9.37472;40.6944;31.8;540;327.677;277.857;266;355;272;272;435.475;435.33;60;264.68;;;553.174;1;1
588;0.8;52.9456;33.5;9.37372;40.5903;31.8;582;327.763;277.807;266;355;272;272;435.475;435.185;60;264.657;;;551.3;1;1
589;0.8;53.0469;33.5;9.37313;40.6858;31.8;623;328.501;277.799;266;355;272;272;435.33;435.04;60;264.645;;;551.067;1;1
590;0.8;52.9456;33.5;9.29972;40.7089;31.8;652;328.443;277.836;266;355;272;272;435.185;435.04;60;264.632;;;549.903;1;1
591;0.8;52.6447;33.5;9.1733;40.5845;31.8;668;328.689;277.836;266;355;272;272;435.185;435.04;60;264.617;;;548.334;1;1
592;0.8;52.6389;33.5;9.19068;40.5903;31.7;673;329.355;277.778;266;355;272;272;435.185;434.896;60;264.604;;;547.869;1;1
593;0.8;52.3582;33.5;9.10509;40.489;31.7;669;330.295;277.785;266;355;272;272;435.185;434.896;60;264.595;;;546.939;1;1
594;0.8;52.3351;33.4;8.76403;40.6163;31.7;670;330.642;277.474;266;355;272;272;435.04;435.04;60;264.585;;;544.701;1;1
595;0.8;52.4334;33.4;8.70721;40.8941;31.7;664;331.641;277.467;266;355;272;272;435.185;435.04;60;264.575;;;544.469;1;1
596;0.8;52.7431;33.4;8.75863;40.9954;31.7;651;332.494;277.459;266;355;272;272;435.185;435.04;60;264.564;;;542.758;1;1
597;0.8;52.7575;33.4;8.66888;40.9983;31.7;642;333.608;277.452;266;355;272;272;435.185;435.04;60;264.566;;;542.483;1;1
598;0.8;52.8443;33.4;8.73852;40.6916;31.7;631;334.852;277.452;266;355;272;272;435.185;435.04;60;264.574;;;541.789;1;1
599;0.8;52.5376;33.4;8.57766;40.7928;31.7;604;335.836;277.452;266;355;272;272;435.185;434.896;60;264.581;;;539.792;1;1
600;0.8;52.8212;33.5;8.98257;40.8333;31.7;561;336.878;277.474;266;355;272;272;435.185;434.896;60;264.593;;;539.792;1;1
601;0.8;53.07;33.5;8.98781;40.5903;31.8;538;337.876;277.474;266;355;272;272;435.185;434.896;60;264.612;;;539.098;1;1
602;0.8;53.0469;33.5;9.00242;40.6134;31.8;516;338.874;277.467;266;355;272;272;435.185;434.896;60;264.63;;;537.072;1;1
603;0.8;52.9311;33.5;8.89032;40.7928;31.8;485;339.815;277.459;266;355;272;272;435.185;434.896;60;264.647;;;536.841;1;1
604;0.8;52.9456;33.5;8.91125;40.5932;31.8;441;340.654;277.452;266;355;272;272;435.04;434.896;60;264.667;;;535.688;1;1
605;0.8;52.8443;33.5;8.83882;40.599;31.9;415;341.725;277.264;266;355;272;272;435.04;434.751;60;264.685;;;534.535;1;1
606;0.8;52.8443;33.6;9.16065;40.5903;31.9;390;342.679;277.279;266;355;272;272;435.04;434.751;60;264.761;;;534.074;1;1
607;0.8;52.9456;33.6;9.15971;40.5903;31.9;363;343.056;277.083;266;355;272;272;435.04;434.896;60;264.888;;;532.237;1;1
608;0.8;52.9456;33.7;9.46369;40.6916;31.9;323;343.258;277.083;266;355;272;272;435.04;434.896;60;265.028;;;531.777;1;1
609;0.8;52.7402;33.7;9.35328;40.5903;32;299;344.242;277.091;266;355;272;272;435.04;434.751;60;265.136;;;530.268;1;1
610;0.8;52.6071;33.7;9.38481;40.6916;32;274;345.081;277.091;266;355;272;272;435.04;434.896;60;265.183;;;528.89;1;1
611;0.8;52.636;33.8;9.65539;40.7928;32;226;345.182;277.076;266;355;272;272;435.185;435.04;60;265.206;;;528.66;1;1
612;0.8;52.4479;33.8;9.58422;40.6395;32;203;345.356;277.069;266;355;272;272;435.185;435.04;60;265.233;;;527.485;1;1
613;0.8;52.6881;33.8;9.59129;40.4861;32;187;345.327;277.069;266;355;272;272;435.33;435.04;60;265.265;;;526.338;1;1
614;0.8;52.5868;33.9;9.91152;40.6076;32.1;163;346.094;277.069;266;355;272;272;435.33;435.04;60;265.293;;;525.88;1;1
615;0.8;52.3322;33.9;9.84525;40.5758;32.1;148;346.05;277.452;266;355;272;272;435.33;435.04;60;265.278;;;524.523;1;1
616;0.8;52.6852;33.9;9.85644;40.4861;32.1;117;346.05;277.467;266;355;272;272;435.33;435.04;60;265.254;;;523.14;1;1
617;0.8;52.691;34;10.1969;40.4196;32.1;100;345.312;277.467;266;355;272;272;435.185;434.896;60;265.227;;;522.683;1;1
618;0.8;52.9456;34;10.2276;40.5758;32;86;345.37;277.445;266;355;272;272;435.185;434.896;60;265.199;;;521.192;1;1
619;0.8;52.9456;34;10.2461;40.489;32;85;345.139;277.459;266;355;272;272;435.04;434.896;60;265.186;;;519.822;1;1
620;0.8;53.0469;34;10.1545;40.4861;32;85;344.285;277.459;266;355;272;272;435.04;434.751;60;265.182;;;519.594;1;1
621;0.8;52.908;34.1;10.4686;40.5874;32;96;344.054;277.474;266;355;272;272;434.896;434.751;60;265.188;;;517.086;1;1
622;0.8;53.3507;34.1;10.519;40.3848;32;104;343.244;277.474;266;355;272;272;434.896;434.751;60;265.206;;;517.086;1;1
623;0.8;53.3189;34.1;10.4941;40.1852;31.9;115;342.998;277.445;266;355;272;272;434.896;434.751;60;265.237;;;516.514;1;1
624;0.8;53.2263;34.1;10.42;40.1794;31.9;132;342.028;277.445;266;355;272;272;434.896;434.607;60;265.275;;;515.315;1;1
625;0.8;52.8675;34.1;10.3868;40.5903;31.9;148;341.869;277.481;266;355;272;272;434.896;434.607;60;265.317;;;514.405;1;1
626;0.8;52.9456;34.1;10.3281;40.5874;31.8;174;340.292;277.488;266;355;272;272;434.896;434.607;60;265.344;;;512.937;1;1
627;0.8;52.6389;34;9.92928;40.5903;31.8;198;339.959;277.459;266;355;272;272;434.896;434.607;60;265.364;;;511.095;1;1
628;0.8;52.7546;34;9.93268;40.5903;31.8;221;338.918;277.452;266;355;272;272;434.896;434.607;60;265.379;;;511.095;1;1
629;0.8;52.9427;34;9.9311;40.3848;31.7;241;337.833;277.452;266;355;272;272;434.896;434.607;60;265.24;"CUSN6       ";;509.697;1;1
630;0.8;53.0498;34;9.93266;40.3877;31.7;257;337.124;277.481;266;355;272;272;434.896;434.607;60;264.915;;;509.013;1;1
631;0.8;53.0469;34;9.87649;40.3848;31.6;274;336.69;277.459;266;355;272;272;434.896;434.607;60;264.768;;;508.786;1;1
632;0.8;53.0556;34;9.84104;40.1823;31.6;301;335.923;277.459;266;355;272;272;434.896;434.607;60;264.671;;;507.07;1;1
633;0.8;52.9456;33.9;9.44269;40.1678;31.5;344;334.939;277.474;266;355;272;272;434.751;434.462;60;264.614;;;506.391;1;1
634;0.8;53.1482;33.9;9.46025;40.3877;31.5;388;334.693;277.481;266;355;272;272;434.751;434.462;60;264.583;;;505.487;1;1
635;0.8;53.2957;33.9;9.46789;40.6481;31.4;441;333.825;277.474;266;355;272;272;434.607;434.462;60;264.57;;;503.993;1;1
636;0.8;53.044;33.8;9.10009;40.4948;31.4;485;333.478;277.452;266;355;272;272;434.607;434.462;60;264.573;;;503.648;1;1
637;0.8;52.636;33.8;8.99332;40.3848;31.4;524;332.74;277.452;266;355;272;272;434.607;434.317;60;264.582;;;502.682;1;1
638;0.8;52.6534;33.7;8.62039;40.3848;31.3;555;332.769;277.481;266;355;272;272;434.607;434.462;60;264.597;;;501.104;1;1
639;0.8;52.9485;33.7;8.66871;40.3877;31.3;579;332.697;277.481;266;355;272;272;434.607;434.462;60;264.624;;;500.653;1;1
640;0.8;53.3333;33.7;8.6572;40.1823;31.3;593;332.74;277.503;266;355;272;272;434.607;434.462;60;264.659;;;499.556;1;1
641;0.8;52.9456;33.6;8.25328;40.3385;31.2;599;332.841;277.467;266;355;272;272;434.607;434.462;60;264.698;;;498.431;1;1
642;0.8;52.7431;33.6;8.16643;40.3848;31.2;602;332.928;277.445;266;355;272;272;434.607;434.462;60;264.727;;;497.532;1;1
643;0.8;52.8472;33.6;8.18256;40.3588;31.2;602;333.391;277.488;266;355;272;272;434.751;434.607;60;264.755;;;495.878;1;1
644;0.8;52.7604;33.5;7.79246;40.1823;31.2;603;333.391;277.481;266;355;272;272;434.607;434.462;60;264.778;;;495.429;1;1
645;0.8;52.6389;33.5;7.71934;40.3241;31.2;590;333.811;277.481;266;355;272;272;434.607;434.462;60;264.793;;;494.98;1;1
646;0.8;52.9456;33.5;7.76432;40.5903;31.2;578;334.303;277.438;266;355;272;272;434.751;434.462;60;264.802;;;493.014;1;1
647;0.8;53.1482;33.4;7.41462;40.5903;31.2;567;334.766;277.481;266;355;272;272;434.751;434.607;60;264.811;;;492.702;1;1
648;0.8;52.8443;33.4;7.37224;40.3848;31.2;550;335.417;277.474;266;355;272;272;434.751;434.462;60;264.823;;;491.582;1;1
649;0.8;53.015;33.4;7.37753;39.9855;31.2;530;336.603;277.467;266;355;272;272;434.751;434.607;60;264.838;;;490.464;1;1
650;0.8;53.0787;33.4;7.33074;39.9797;31.2;509;337.008;277.431;266;355;272;272;434.751;434.607;60;264.848;;;489.991;1;1
651;0.8;52.7402;33.4;7.28398;40.217;31.3;476;337.572;277.452;266;355;272;272;434.751;434.607;60;264.851;;;487.98;1;1
652;0.8;52.8443;33.3;6.92112;40.3848;31.3;464;337.92;277.474;266;355;272;272;434.751;434.462;60;264.846;;;487.98;1;1
653;0.8;53.1482;33.3;6.92378;40.3848;31.3;438;338.498;277.481;266;355;272;272;434.751;434.462;60;264.82;;;487.199;1;1
